0 0.154114 0.895645 0.023606 0.053560
0 0.161000 0.710285 0.030819 0.065112
0 0.149197 0.564307 0.028196 0.048309
0 0.154770 0.602114 0.024917 0.050410
0 0.252472 0.602114 0.028852 0.054610
0 0.273127 0.543828 0.021639 0.049359
0 0.354109 0.867290 0.030163 0.059861
0 0.268209 0.895645 0.023606 0.055661
0 0.304930 0.716061 0.023606 0.061962
0 0.375092 0.770146 0.027540 0.048309
0 0.414435 0.679829 0.024917 0.052510
0 0.409189 0.598964 0.024917 0.048309
0 0.414872 0.963383 0.024917 0.058811
0 0.548310 0.597389 0.026884 0.045159
0 0.642734 0.654099 0.021639 0.040958
0 0.577818 0.870965 0.022950 0.046209
0 0.491919 0.800602 0.021639 0.042008
0 0.497164 0.976441 0.025573 0.047118
0 0.527328 0.712385 0.030819 0.048309
0 0.770599 0.785899 0.024262 0.033606
0 0.745354 0.700308 0.024917 0.038857
0 0.815516 0.666702 0.026229 0.040958
0 0.681749 0.803228 0.023606 0.038857
0 0.609620 0.634671 0.018360 0.039908
0 0.827974 0.926626 0.019672 0.031506
0 0.924037 0.849962 0.022950 0.033606
0 0.781091 0.720787 0.021639 0.029406
0 0.741747 0.528075 0.026884 0.028355
0 0.668307 0.515998 0.022950 0.025205
0 0.656504 0.561682 0.024262 0.038857
0 0.917152 0.561682 0.024917 0.038857
0 0.832237 0.494469 0.021639 0.032556
0 0.934529 0.667752 0.022950 0.038857
0 0.791582 0.432157 0.020327 0.028355
0 0.839777 0.438983 0.019672 0.033606
0 0.861416 0.448960 0.017049 0.032556
0 0.727977 0.382798 0.020327 0.030456
0 0.688306 0.242596 0.023606 0.035707
0 0.680438 0.392250 0.020983 0.038857
0 0.672569 0.410628 0.020983 0.027305
0 0.630931 0.372821 0.021639 0.031506
0 0.613882 0.421655 0.024262 0.036757
0 0.592899 0.480991 0.017704 0.033606
0 0.499787 0.328712 0.025573 0.044108
0 0.293236 0.397501 0.025573 0.045159
0 0.341431 0.420080 0.027540 0.050410
0 0.412577 0.335539 0.024262 0.049359
0 0.439461 0.245222 0.022950 0.047259
0 0.546015 0.063537 0.032786 0.047259
0 0.633007 0.222642 0.022294 0.042008
0 0.619565 0.262025 0.026884 0.045159
0 0.685137 0.101869 0.024262 0.031506
0 0.777265 0.069838 0.015737 0.032556
0 0.767430 0.132325 0.024917 0.037807
0 0.845132 0.200588 0.022950 0.039908
0 0.820543 0.219492 0.022294 0.039908
0 0.427440 0.511972 0.022950 0.051460
0 0.482192 0.556606 0.017049 0.046209
0 0.473340 0.880417 0.019016 0.052510
0 0.756501 0.515473 0.018360 0.028355
0 0.763386 0.336064 0.019016 0.029406
0 0.878137 0.392250 0.020327 0.032556
0 0.815188 0.025730 0.015082 0.026255
0 0.826991 0.067213 0.015082 0.025205
0 0.812237 0.067738 0.019672 0.028355
0 0.800106 0.259399 0.020327 0.039908
0 0.976822 0.145978 0.018360 0.035707
0 0.879448 0.447385 0.015082 0.033606
0 0.362767 0.213675 0.025523 0.044593