0 0.180606 0.934189 0.023019 0.034325
0 0.258358 0.647850 0.032956 0.054571
0 0.303603 0.664400 0.027370 0.053677
0 0.354992 0.679609 0.027370 0.055466
0 0.426303 0.742679 0.029604 0.054571
0 0.408150 0.800382 0.030163 0.055466
0 0.381059 0.858532 0.025136 0.044731
0 0.311516 0.957834 0.025694 0.042941
0 0.340562 0.928759 0.024577 0.043836
0 0.464566 0.889843 0.020109 0.042941
0 0.480764 0.964096 0.027929 0.037574
0 0.538577 0.942625 0.021784 0.033995
0 0.484954 0.799934 0.021784 0.043836
0 0.505062 0.780253 0.024019 0.042047
0 0.541928 0.750283 0.022902 0.039363
0 0.622084 0.729707 0.024577 0.033995
0 0.558686 0.640693 0.018433 0.040258
0 0.581308 0.859874 0.023460 0.034890
0 0.617895 0.880002 0.022902 0.041152
0 0.617336 0.968569 0.024019 0.039363
0 0.677941 0.919365 0.024577 0.046520
0 0.759400 0.947993 0.028487 0.030417
0 0.798221 0.959623 0.021226 0.035785
0 0.725048 0.806644 0.021226 0.037574
0 0.828105 0.883581 0.021784 0.037574
0 0.840952 0.863899 0.016199 0.035785
0 0.717786 0.701974 0.020109 0.035785
0 0.757724 0.739548 0.024019 0.037574
0 0.766382 0.692581 0.018992 0.042047
0 0.785653 0.648297 0.019550 0.035785
0 0.863109 0.757440 0.022902 0.042941
0 0.913101 0.768623 0.021226 0.040258
0 0.938237 0.930101 0.024577 0.030417
0 0.835180 0.535576 0.022902 0.032206
0 0.736871 0.559730 0.017316 0.037574
0 0.647220 0.514105 0.021226 0.035785
0 0.661743 0.510974 0.014523 0.025944
0 0.617336 0.486819 0.018433 0.033101
0 0.639958 0.602672 0.026812 0.044731
0 0.581866 0.613855 0.022343 0.040258
0 0.641075 0.647403 0.020109 0.037574
0 0.847469 0.487714 0.019550 0.033101
0 0.777926 0.405559 0.018992 0.035785
0 0.762007 0.428371 0.017316 0.036679
0 0.686320 0.473102 0.018992 0.034890
0 0.596389 0.404217 0.017874 0.033101
0 0.632697 0.342041 0.018992 0.037574
0 0.564830 0.465050 0.021784 0.038468
0 0.803621 0.313413 0.018992 0.030417
0 0.827081 0.325938 0.018992 0.033995
0 0.836577 0.262420 0.020109 0.028628
0 0.925669 0.343383 0.015082 0.033101
0 0.859199 0.219479 0.015082 0.035785
0 0.731844 0.215453 0.017316 0.036679
0 0.728213 0.143884 0.020109 0.038468
0 0.676266 0.137174 0.016757 0.042941
0 0.987950 0.229021 0.017874 0.035785
0 0.713969 0.033101 0.019550 0.037574
0 0.629718 0.046520 0.021226 0.039363
0 0.581401 0.215602 0.027370 0.037574
0 0.449857 0.184738 0.023460 0.042047
0 0.405078 0.237520 0.020667 0.036679
0 0.393068 0.295670 0.020109 0.036679
0 0.551424 0.386473 0.015082 0.035785
0 0.701401 0.335480 0.022343 0.037574
0 0.491470 0.507395 0.026253 0.045625
0 0.466335 0.502922 0.022902 0.042047
0 0.436451 0.524840 0.027929 0.039363
0 0.402378 0.529761 0.024577 0.045625
0 0.376683 0.577623 0.029046 0.048309
0 0.405729 0.570466 0.022343 0.037574
0 0.457397 0.600883 0.028487 0.041152
0 0.491191 0.609829 0.023460 0.048309
0 0.201849 0.589104 0.027929 0.050993
0 0.293456 0.458490 0.023460 0.049204
0 0.641355 0.424942 0.017316 0.030417
0 0.754745 0.507246 0.017316 0.037574
0 0.782674 0.564054 0.020667 0.036679
0 0.721324 0.752371 0.015640 0.030417
0 0.761541 0.842876 0.022343 0.034890
0 0.955274 0.320570 0.017316 0.028628
0 0.792728 0.378273 0.015082 0.033101