0 0.110862 0.804598 0.019784 0.028977
0 0.192198 0.730706 0.022715 0.031875
0 0.176078 0.748575 0.024181 0.025113
0 0.170582 0.869796 0.026379 0.033807
0 0.180474 0.802183 0.024181 0.026079
0 0.151897 0.934995 0.022715 0.023182
0 0.391141 0.844200 0.020517 0.027045
0 0.408361 0.795422 0.013922 0.022216
0 0.455623 0.795905 0.016121 0.015454
0 0.526334 0.970733 0.018319 0.019318
0 0.534761 0.882836 0.017586 0.023182
0 0.569933 0.809427 0.016121 0.023182
0 0.594847 0.916160 0.019052 0.024148
0 0.483732 0.865953 0.014167 0.024420
0 0.684607 0.878163 0.021795 0.028729
0 0.761978 0.854102 0.018526 0.025138
0 0.805840 0.852307 0.015801 0.020111
0 0.745632 0.905456 0.015256 0.025856
0 0.606418 0.962197 0.025609 0.022984
0 0.716118 0.809213 0.014711 0.017238
0 0.913724 0.964711 0.017981 0.023702
0 0.869045 0.976202 0.016891 0.022265
0 0.814831 0.902583 0.017436 0.025856
0 0.854878 0.724820 0.019070 0.030884
0 0.888388 0.725179 0.016346 0.025856
0 0.915631 0.674184 0.018526 0.027293
0 0.945054 0.669516 0.014167 0.029448
0 0.764158 0.735234 0.018526 0.027293
0 0.747812 0.658742 0.019615 0.025138
0 0.653277 0.737030 0.017981 0.029448
0 0.623582 0.652637 0.018526 0.025856
0 0.773148 0.674304 0.020160 0.028011
0 0.857058 0.565850 0.019070 0.028011
0 0.908548 0.594939 0.017436 0.027293
0 0.886753 0.595657 0.015256 0.028729
0 0.941785 0.503244 0.016346 0.022984
0 0.816465 0.496062 0.013077 0.022984
0 0.799029 0.506476 0.020705 0.022265
0 0.961945 0.336254 0.016346 0.023702
0 0.917811 0.357801 0.016346 0.029448
0 0.846705 0.409514 0.015801 0.026575
0 0.827362 0.403050 0.017436 0.025138
0 0.747812 0.393354 0.016346 0.022984
0 0.892747 0.216069 0.013077 0.025138
0 0.872314 0.118030 0.016891 0.027293
0 0.831994 0.128445 0.013622 0.026575
0 0.806930 0.184826 0.019070 0.031602
0 0.723837 0.263832 0.016346 0.030166
0 0.704222 0.203979 0.014167 0.022984
0 0.677251 0.097321 0.017981 0.028011
0 0.627941 0.057459 0.015256 0.030166
0 0.647737 0.312074 0.015256 0.025138
0 0.562465 0.270775 0.021250 0.027293
0 0.590799 0.081161 0.017981 0.035912
0 0.595158 0.282386 0.022340 0.030884
0 0.683699 0.413824 0.021795 0.030884
0 0.648555 0.533649 0.021250 0.027293
0 0.568731 0.443511 0.011987 0.023702
0 0.547754 0.468649 0.015801 0.023702
0 0.528684 0.483373 0.013622 0.021547
0 0.562465 0.568125 0.012532 0.021547
0 0.537674 0.618401 0.015256 0.028729
0 0.417803 0.174172 0.013077 0.026575
0 0.344518 0.110608 0.015801 0.028729
0 0.178969 0.069310 0.021795 0.029448
0 0.268781 0.248510 0.019070 0.028729
0 0.249983 0.135747 0.019615 0.028729
0 0.317002 0.248869 0.020705 0.028011
0 0.213477 0.251383 0.020705 0.022984
0 0.304198 0.350499 0.019070 0.028729
0 0.363952 0.360315 0.017981 0.024420
0 0.094242 0.510067 0.017981 0.028011
0 0.137831 0.510067 0.020160 0.022265
0 0.281676 0.408437 0.023429 0.020111
0 0.256613 0.455481 0.021250 0.029448
0 0.354144 0.563576 0.020160 0.031602
0 0.315731 0.518686 0.017436 0.025138
0 0.332077 0.618162 0.022884 0.022984
0 0.503983 0.664847 0.013622 0.024420
0 0.497172 0.718715 0.011987 0.014365
0 0.414492 0.368408 0.019402 0.028011
0 0.621755 0.369626 0.017554 0.030447
0 0.488250 0.281939 0.024022 0.030447
0 0.754490 0.369017 0.017554 0.031665
0 0.595578 0.140056 0.019402 0.026793
0 0.467616 0.407380 0.018478 0.023140
0 0.474546 0.503187 0.015706 0.025575
0 0.331186 0.889051 0.022174 0.021922