0 0.541055 0.183629 0.026759 0.041498
1 0.514296 0.116195 0.081851 0.178442
0 0.592606 0.197116 0.023611 0.041498
0 0.075788 0.879759 0.030694 0.041498
0 0.195417 0.733997 0.021250 0.034236
0 0.209190 0.916589 0.023611 0.036311
0 0.252476 0.847598 0.022037 0.039423
0 0.282777 0.730366 0.027546 0.037348
0 0.337476 0.676937 0.018889 0.036311
0 0.387453 0.680569 0.021250 0.033198
0 0.318587 0.906733 0.020463 0.041498
0 0.561387 0.791576 0.024398 0.029049
0 0.550368 0.958606 0.024398 0.029049
0 0.615298 0.904658 0.017315 0.029049
0 0.672752 0.782758 0.015741 0.030086
0 0.699511 0.654632 0.022037 0.031124
0 0.641271 0.849673 0.018889 0.022824
0 0.708562 0.808175 0.016528 0.031124
0 0.782149 0.836186 0.022037 0.020749
0 0.742404 0.741259 0.019676 0.025936
0 0.636286 0.743334 0.017315 0.032161
0 0.882035 0.848568 0.016217 0.027274
0 0.944387 0.800654 0.015658 0.025800
0 0.801509 0.802251 0.012862 0.022114
0 0.866937 0.725466 0.013980 0.027274
0 0.839535 0.630129 0.013980 0.022851
0 0.856032 0.629024 0.013421 0.020640
0 0.977660 0.551624 0.017335 0.028011
0 0.951657 0.664775 0.019013 0.024326
0 0.910834 0.665512 0.016776 0.024326
0 0.728906 0.586884 0.016776 0.021377
0 0.749317 0.549658 0.021809 0.022114
0 0.939168 0.590692 0.015658 0.026537
0 0.941684 0.535776 0.022928 0.025800
0 0.908970 0.521033 0.015658 0.019903
0 0.851652 0.470171 0.015099 0.030223
0 0.819777 0.474962 0.016217 0.028011
0 0.665715 0.459113 0.019013 0.031697
0 0.730863 0.405671 0.016217 0.029485
0 0.872622 0.332940 0.019013 0.030960
0 0.974118 0.394245 0.019572 0.028748
0 0.835994 0.275198 0.018454 0.029485
0 0.774761 0.397931 0.020131 0.037594
0 0.757984 0.224581 0.016776 0.029485
0 0.806915 0.189936 0.015099 0.030960
0 0.966289 0.240184 0.016217 0.028748
0 0.869826 0.193744 0.017895 0.034645
0 0.742327 0.144847 0.022368 0.030223
0 0.976914 0.087719 0.018454 0.032434
0 0.635518 0.172490 0.016776 0.033908
0 0.676061 0.099513 0.020691 0.033908
0 0.429730 0.257384 0.022368 0.030223
0 0.466637 0.345840 0.017895 0.030223
0 0.528989 0.309720 0.015099 0.034645
0 0.579597 0.358003 0.014539 0.030960
0 0.530387 0.411445 0.021250 0.030223
0 0.478660 0.449408 0.016217 0.029485
0 0.571489 0.565384 0.018454 0.028011
0 0.532624 0.554327 0.016776 0.029485
0 0.406243 0.490319 0.019013 0.025800
0 0.388908 0.562927 0.020131 0.023588
0 0.463562 0.616984 0.019572 0.030960
0 0.131020 0.607524 0.021809 0.031697
0 0.361227 0.091036 0.021809 0.034645
0 0.317888 0.188338 0.023487 0.030223
0 0.331309 0.207504 0.016776 0.036120
0 0.255537 0.123839 0.018454 0.032434
0 0.216951 0.058234 0.025164 0.030960
0 0.197938 0.133422 0.025164 0.036857
0 0.155998 0.088456 0.020691 0.032434
0 0.176409 0.374220 0.022368 0.030960
0 0.191787 0.402231 0.015099 0.030960
0 0.061212 0.404811 0.024605 0.033171
0 0.289089 0.373851 0.021809 0.039068
0 0.267839 0.362794 0.016217 0.030223
0 0.242116 0.415377 0.021809 0.034645
0 0.235405 0.484299 0.019572 0.023588
0 0.214714 0.501253 0.015099 0.026537
0 0.337926 0.525333 0.017335 0.023588
0 0.421528 0.564401 0.017895 0.029485
0 0.319845 0.681115 0.013980 0.029485
0 0.450623 0.468975 0.016742 0.031407
0 0.488506 0.204378 0.025972 0.037348
0 0.547535 0.333633 0.021250 0.035014
0 0.671619 0.285781 0.022009 0.038015
0 0.389679 0.971389 0.018214 0.026010