1 0.990507 0.536492 0.018986 0.150171
0 0.993458 0.596794 0.013084 0.029567
0 0.129386 0.782997 0.019615 0.026575
0 0.071357 0.919821 0.023429 0.031602
0 0.224193 0.863080 0.021795 0.033039
0 0.246532 0.846202 0.020705 0.030884
0 0.293936 0.897556 0.017436 0.024420
0 0.328263 0.920898 0.020705 0.026575
0 0.414897 0.905815 0.026154 0.025138
0 0.394737 0.847279 0.020705 0.033039
0 0.457124 0.856975 0.019070 0.025138
0 0.331532 0.699682 0.022884 0.029448
0 0.301019 0.759654 0.022884 0.028729
0 0.253071 0.757500 0.022884 0.028729
0 0.405907 0.749000 0.021250 0.028011
0 0.538037 0.916589 0.025064 0.029448
0 0.598518 0.912639 0.020705 0.028729
0 0.538037 0.761809 0.021795 0.031602
0 0.691145 0.965070 0.019615 0.028729
0 0.795760 0.927003 0.018526 0.031602
0 0.854606 0.938854 0.016346 0.025138
0 0.920807 0.858053 0.021250 0.027293
0 0.926529 0.739663 0.020705 0.035194
0 0.604874 0.684000 0.017436 0.030166
0 0.496718 0.615049 0.022340 0.030166
0 0.627759 0.607508 0.017436 0.030884
0 0.545756 0.683282 0.019070 0.031602
0 0.953046 0.603079 0.014167 0.027293
0 0.863142 0.643300 0.015256 0.030166
0 0.880033 0.634322 0.020705 0.029448
0 0.749174 0.469487 0.014711 0.033039
0 0.810472 0.332424 0.018526 0.029448
0 0.855696 0.280711 0.017436 0.030884
0 0.771877 0.240130 0.022340 0.030166
0 0.778415 0.053509 0.016891 0.025138
0 0.671348 0.195360 0.026154 0.037348
0 0.628576 0.184587 0.016891 0.033039
0 0.609687 0.270775 0.020160 0.035912
0 0.527957 0.289449 0.021250 0.038785
0 0.491723 0.288731 0.022884 0.037348
0 0.528774 0.164476 0.015256 0.035912
0 0.460121 0.110249 0.016346 0.030884
0 0.408086 0.151189 0.022340 0.026575
0 0.405089 0.033039 0.021795 0.031602
0 0.347606 0.146879 0.020160 0.036630
0 0.434785 0.256171 0.017981 0.034475
0 0.396099 0.384735 0.019070 0.024420
0 0.347333 0.401255 0.021795 0.028729
0 0.430426 0.445785 0.021250 0.034475
0 0.588710 0.456080 0.020705 0.035912
0 0.664719 0.474036 0.019070 0.033039
0 0.562829 0.500970 0.017981 0.033757
0 0.479464 0.507075 0.021250 0.031602
0 0.449224 0.521798 0.019615 0.028011
0 0.401548 0.543705 0.019070 0.033039
0 0.360410 0.572793 0.020705 0.025138
0 0.358775 0.658622 0.020705 0.028729
0 0.239540 0.586081 0.020160 0.028729
0 0.052105 0.703871 0.023429 0.031602
0 0.105230 0.401853 0.025064 0.030884
0 0.173338 0.417295 0.017436 0.033039
0 0.154268 0.417295 0.020705 0.027293
0 0.263242 0.459312 0.017436 0.025138
0 0.237905 0.429864 0.021250 0.028011
0 0.292392 0.389643 0.016891 0.028011
0 0.268146 0.346908 0.022884 0.033039
0 0.156175 0.305250 0.023429 0.025856
0 0.281222 0.310637 0.016346 0.029448
0 0.055647 0.311714 0.021795 0.033039
0 0.191047 0.080083 0.019070 0.032321
0 0.265149 0.193924 0.022340 0.031602
0 0.234273 0.146161 0.016891 0.022265
0 0.448770 0.349781 0.017981 0.021547
0 0.377937 0.471163 0.019070 0.033039