0 0.128841 0.624665 0.027649 0.052335
0 0.195765 0.938674 0.040846 0.062399
0 0.268345 0.872752 0.031420 0.053341
0 0.272116 0.934145 0.040217 0.053341
0 0.410363 0.919049 0.032677 0.051329
0 0.296309 0.799282 0.032048 0.049316
0 0.217445 0.683038 0.026393 0.056361
0 0.255777 0.587426 0.038961 0.054348
0 0.315789 0.600510 0.030791 0.062399
0 0.367946 0.635735 0.028278 0.050322
0 0.408478 0.621142 0.030163 0.043277
0 0.346266 0.756005 0.025136 0.049316
0 0.435603 0.954274 0.032048 0.047303
0 0.560340 0.823940 0.025136 0.052335
0 0.533319 0.828972 0.028906 0.034219
0 0.438431 0.809850 0.025136 0.044283
0 0.484933 0.957797 0.035190 0.050322
0 0.491217 0.690083 0.032677 0.048309
0 0.609355 0.784185 0.030163 0.049316
0 0.582963 0.647813 0.035190 0.042271
0 0.593959 0.608058 0.029535 0.037238
0 0.748440 0.940184 0.025136 0.029187
0 0.812223 0.913010 0.020737 0.039251
0 0.777347 0.810856 0.020109 0.028180
0 0.771063 0.720780 0.022622 0.031200
0 0.720477 0.645297 0.019480 0.033213
0 0.642241 0.596987 0.021365 0.037238
0 0.945757 0.974906 0.026393 0.036232
0 0.896428 0.925590 0.019480 0.026167
0 0.909624 0.670961 0.020737 0.032206
0 0.900512 0.852623 0.017595 0.029187
0 0.833274 0.658548 0.023879 0.030193
0 0.801854 0.615271 0.023879 0.028180
0 0.861238 0.647980 0.021994 0.033213
0 0.823534 0.544820 0.023251 0.032206
0 0.911823 0.612755 0.012568 0.029187
0 0.919050 0.573001 0.021994 0.026167
0 0.887002 0.408783 0.018224 0.031200
0 0.852440 0.384125 0.018224 0.034219
0 0.830446 0.407776 0.019480 0.029187
0 0.980947 0.436963 0.018852 0.031200
0 0.950156 0.401235 0.016338 0.034219
0 0.708223 0.492318 0.017595 0.033213
0 0.772634 0.420357 0.020737 0.034219
0 0.609565 0.425892 0.028906 0.039251
0 0.893286 0.189882 0.016967 0.034219
0 0.755667 0.152140 0.021994 0.039251
0 0.624123 0.076993 0.018224 0.037238
0 0.580449 0.060386 0.017595 0.032206
0 0.581077 0.208333 0.020109 0.036232
0 0.505670 0.184682 0.015082 0.033213
0 0.488703 0.180153 0.021365 0.036232
0 0.690104 0.320552 0.021994 0.035225
0 0.444087 0.374396 0.022622 0.034219
0 0.352655 0.384461 0.021994 0.044283
0 0.526721 0.484769 0.024507 0.034219
0 0.477078 0.595981 0.023251 0.043277
0 0.431519 0.471685 0.026393 0.036232
0 0.345743 0.484266 0.030791 0.037238
0 0.620981 0.581891 0.020737 0.031200
0 0.281018 0.326255 0.028278 0.053341
0 0.327205 0.265365 0.020109 0.042271
0 0.408268 0.199443 0.020109 0.041264
0 0.349827 0.037238 0.028906 0.054348