1 0.738305 0.170539 0.053125 0.176306
0 0.754243 0.242215 0.021875 0.032954
0 0.117684 0.837453 0.020625 0.028835
0 0.131746 0.891827 0.020000 0.025540
0 0.120496 0.938787 0.025000 0.020596
0 0.182996 0.823447 0.021250 0.032130
0 0.235496 0.921486 0.022500 0.032130
0 0.278308 0.858049 0.019375 0.032130
0 0.221746 0.721700 0.021250 0.029659
0 0.292683 0.788845 0.016875 0.027187
0 0.339558 0.769072 0.024375 0.027187
0 0.432057 0.803674 0.018125 0.030483
0 0.429557 0.739413 0.023125 0.022244
0 0.482369 0.901302 0.021250 0.026363
0 0.431120 0.907893 0.020000 0.019773
0 0.432995 0.985747 0.020000 0.023892
0 0.589869 0.752183 0.018750 0.023068
0 0.512682 0.724996 0.019375 0.031307
0 0.603931 0.922722 0.024375 0.019773
0 0.617369 0.726232 0.017500 0.032130
0 0.860596 0.958560 0.014375 0.027187
0 0.709972 0.820152 0.016875 0.023892
0 0.673410 0.668150 0.018750 0.028011
0 0.584348 0.644670 0.018125 0.023892
0 0.530911 0.625309 0.018750 0.028011
0 0.719660 0.658675 0.020000 0.032130
0 0.761847 0.519443 0.018125 0.028835
0 0.813097 0.490196 0.019375 0.026363
0 0.649348 0.549514 0.016875 0.024716
0 0.627785 0.545807 0.018750 0.027187
0 0.601535 0.529741 0.016250 0.028011
0 0.554661 0.550338 0.017500 0.028011
0 0.829659 0.396413 0.017500 0.023892
0 0.774659 0.384879 0.017500 0.030483
0 0.918409 0.323502 0.017500 0.029659
0 0.607369 0.357280 0.018750 0.028011
0 0.579556 0.366755 0.020625 0.028835
0 0.495807 0.236173 0.025625 0.019773
0 0.536744 0.261713 0.018750 0.028011
0 0.973721 0.115889 0.020625 0.029659
0 0.900909 0.158318 0.022500 0.040369
0 0.819972 0.222167 0.018125 0.041193
0 0.809034 0.178777 0.018750 0.041193
0 0.793097 0.142528 0.019375 0.037898
0 0.703097 0.201434 0.021875 0.038721
0 0.670285 0.056434 0.018750 0.033778
0 0.631535 0.138408 0.021250 0.039545
0 0.571536 0.104218 0.018750 0.025540
0 0.506536 0.122343 0.020000 0.037074
0 0.484349 0.064673 0.021875 0.035426
0 0.388932 0.072088 0.023125 0.042017
0 0.430182 0.306887 0.023125 0.037074
0 0.466745 0.294942 0.020000 0.032954
0 0.376745 0.292470 0.017500 0.031307
0 0.321120 0.348080 0.018750 0.028835
0 0.454557 0.459301 0.018125 0.030483
0 0.367683 0.489784 0.021875 0.028835
0 0.327995 0.507497 0.021250 0.037898
0 0.373933 0.685451 0.019375 0.036250
0 0.297683 0.685039 0.021875 0.023892
0 0.262996 0.575054 0.022500 0.026363
0 0.331745 0.585764 0.017500 0.028011
0 0.152996 0.491432 0.022500 0.028835
0 0.195496 0.444472 0.025000 0.030483
0 0.236121 0.427583 0.025000 0.028011
0 0.126434 0.460125 0.023125 0.025540
0 0.163621 0.246334 0.023750 0.028011
0 0.047372 0.256632 0.021250 0.027187
0 0.079872 0.216675 0.028750 0.034602
0 0.217371 0.207201 0.021250 0.033778
0 0.256433 0.224502 0.019375 0.030483
0 0.139246 0.081562 0.021250 0.026363
0 0.110497 0.198962 0.020000 0.027187
0 0.194871 0.182485 0.021250 0.028835
0 0.274662 0.057258 0.022500 0.030483
0 0.255600 0.083210 0.016875 0.032954
0 0.316537 0.063025 0.018750 0.037074
0 0.550681 0.969758 0.021250 0.032680
0 0.870930 0.657890 0.021250 0.030252
0 0.498632 0.833240 0.016150 0.029132