0 0.010912 0.313135 0.020714 0.036757
0 0.858870 0.714836 0.020714 0.029406
0 0.083545 0.738640 0.023104 0.033606
0 0.046498 0.718687 0.019121 0.031506
0 0.023792 0.812679 0.027885 0.028355
0 0.230935 0.660400 0.024698 0.038857
0 0.293476 0.640972 0.025494 0.035707
0 0.324946 0.772247 0.019918 0.029406
0 0.277941 0.852062 0.019918 0.033606
0 0.258023 0.809529 0.019918 0.028355
0 0.179548 0.933452 0.027088 0.032556
0 0.124974 0.951831 0.019918 0.029406
0 0.300248 0.963908 0.016731 0.034657
0 0.386292 0.794301 0.018324 0.031506
0 0.414177 0.796401 0.019918 0.027305
0 0.457996 0.801652 0.019918 0.029406
0 0.498627 0.946055 0.018324 0.026255
0 0.428518 0.983337 0.027885 0.031506
0 0.354026 0.670902 0.020714 0.026255
0 0.384301 0.614192 0.022308 0.032556
0 0.571526 0.951306 0.022308 0.026255
0 0.610564 0.788525 0.022308 0.024155
0 0.640042 0.804278 0.014341 0.028355
0 0.650001 0.957082 0.018324 0.033606
0 0.597020 0.901946 0.020714 0.030456
0 0.555990 0.804803 0.019918 0.027305
0 0.752377 0.929777 0.019121 0.025205
0 0.696608 0.980711 0.015934 0.022054
0 0.698998 0.827382 0.020714 0.030456
0 0.753971 0.781173 0.014341 0.032556
0 0.779864 0.761745 0.018324 0.029406
0 0.801773 0.786950 0.025494 0.033606
0 0.720111 0.711860 0.015137 0.026255
0 0.575509 0.618393 0.015934 0.026255
0 0.631677 0.635196 0.018324 0.032556
0 0.863650 0.966009 0.017527 0.024155
0 0.742551 0.858363 0.014341 0.025205
0 0.907867 0.916649 0.018324 0.030456
0 0.922208 0.817405 0.019918 0.035707
0 0.953678 0.727788 0.019121 0.031506
0 0.914639 0.599139 0.023901 0.036757
0 0.887950 0.608066 0.021511 0.031506
0 0.779598 0.653749 0.019918 0.038857
0 0.771631 0.591787 0.019918 0.034657
0 0.825010 0.531401 0.018324 0.033606
0 0.691562 0.632220 0.014341 0.023104
0 0.578829 0.509872 0.019918 0.030456
0 0.692758 0.459462 0.021511 0.030456
0 0.757290 0.438983 0.018324 0.029406
0 0.814653 0.402226 0.018324 0.027305
0 0.922208 0.289330 0.019918 0.024155
0 0.808279 0.265175 0.019918 0.026255
0 0.674433 0.249947 0.019918 0.021004
0 0.636590 0.221067 0.019121 0.032556
0 0.604722 0.286179 0.025494 0.028355
0 0.591178 0.219492 0.017527 0.033606
0 0.539392 0.211090 0.019121 0.029406
0 0.511109 0.397501 0.019918 0.026255
0 0.470876 0.279878 0.019121 0.026255
0 0.587194 0.080865 0.020714 0.031506
0 0.422410 0.575334 0.019918 0.030456
0 0.420418 0.521249 0.019121 0.025205
0 0.469813 0.483967 0.019121 0.028355
0 0.440734 0.402577 0.021511 0.025205
0 0.367039 0.468739 0.020714 0.031506
0 0.288165 0.440909 0.019121 0.030456
0 0.265061 0.480816 0.027088 0.034657
0 0.226421 0.431982 0.023104 0.029406
0 0.398508 0.395925 0.016731 0.027305
0 0.357478 0.209515 0.027088 0.034657
0 0.324415 0.345516 0.024698 0.035707
0 0.257094 0.257824 0.025494 0.032556
0 0.291352 0.134951 0.028681 0.036757
0 0.408069 0.143877 0.016731 0.031506
0 0.424003 0.268851 0.023104 0.029406
0 0.228412 0.136526 0.023901 0.033606
0 0.114484 0.109746 0.025494 0.028355
0 0.040656 0.235245 0.022308 0.031506
0 0.224694 0.279353 0.022308 0.029406
0 0.199598 0.272002 0.024698 0.023104
0 0.046233 0.515648 0.023901 0.029406
1 0.011564 0.341490 0.023128 0.093468