0 0.199687 0.821606 0.028196 0.046209
0 0.177720 0.916649 0.031474 0.045159
0 0.315421 0.974935 0.039343 0.048309
0 0.382304 0.953931 0.036720 0.044108
0 0.267226 0.733914 0.028196 0.034657
0 0.217063 0.726038 0.024917 0.039908
0 0.204277 0.659875 0.032130 0.039908
0 0.170180 0.603165 0.033442 0.052510
0 0.130509 0.718161 0.026229 0.047259
0 0.337169 0.669327 0.033442 0.042008
0 0.461100 0.758594 0.025573 0.039908
0 0.461100 0.702408 0.029507 0.034657
0 0.403725 0.680354 0.024917 0.036757
0 0.434215 0.842085 0.025573 0.045159
0 0.584594 0.643597 0.024262 0.034657
0 0.535087 0.680879 0.019672 0.033606
0 0.673116 0.773297 0.024262 0.033606
0 0.684918 0.830533 0.020327 0.032556
0 0.565906 0.853112 0.032786 0.035707
0 0.568856 0.940804 0.028196 0.034657
0 0.646887 0.962858 0.033442 0.032556
0 0.674099 0.916124 0.027540 0.033606
0 0.569512 0.806903 0.030819 0.039908
0 0.775845 0.968109 0.019016 0.032556
0 0.767320 0.916124 0.020327 0.027305
0 0.763386 0.852062 0.024262 0.027305
0 0.900103 0.907722 0.024917 0.031506
0 0.736174 0.712385 0.027540 0.037807
0 0.715191 0.625219 0.027540 0.033606
0 0.680110 0.615242 0.020327 0.026255
0 0.649619 0.615767 0.024917 0.035707
0 0.608637 0.582686 0.020327 0.032556
0 0.913873 0.748617 0.022294 0.028355
0 0.826991 0.697683 0.021639 0.029406
0 0.879448 0.667752 0.020327 0.030456
0 0.958790 0.747567 0.021639 0.028355
0 0.870596 0.787475 0.015737 0.022054
0 0.790271 0.524050 0.017704 0.031506
0 0.667979 0.499370 0.019672 0.028355
0 0.920431 0.471540 0.018360 0.029406
0 0.832564 0.282854 0.015737 0.029406
0 0.666340 0.341665 0.024262 0.029406
0 0.574867 0.302808 0.019672 0.035707
0 0.602079 0.250298 0.020327 0.027305
0 0.629292 0.216166 0.015737 0.026255
0 0.736174 0.088392 0.019672 0.028355
0 0.454215 0.074739 0.019672 0.034657
0 0.438806 0.135126 0.019016 0.035707
0 0.373562 0.046909 0.018360 0.029406
0 0.361759 0.108346 0.015737 0.034657
0 0.503066 0.268501 0.025573 0.037807
0 0.465690 0.344115 0.019016 0.037807
0 0.552901 0.352342 0.020327 0.036757
0 0.507000 0.549779 0.020327 0.038857
0 0.449297 0.492544 0.026884 0.042008
0 0.314656 0.544528 0.025573 0.032556
0 0.313017 0.496744 0.023606 0.037807
0 0.245478 0.503571 0.018360 0.047259
0 0.328754 0.467339 0.022294 0.031506
0 0.313673 0.351292 0.023606 0.038857
0 0.332688 0.263600 0.022294 0.048309
0 0.392359 0.264125 0.020983 0.047259
0 0.391703 0.523524 0.017049 0.030456
0 0.434543 0.770146 0.022294 0.037807