0 0.184647 0.724882 0.019435 0.032206
0 0.256555 0.783072 0.023322 0.038794
0 0.119402 0.917020 0.028874 0.031474
0 0.111905 0.985776 0.022766 0.028448
0 0.178539 0.958376 0.018324 0.032206
0 0.303199 0.976309 0.019990 0.028546
0 0.360947 0.921412 0.027764 0.032938
0 0.460897 0.873469 0.023322 0.038062
0 0.527068 0.896160 0.017214 0.032206
0 0.576765 0.903479 0.018879 0.030742
0 0.558997 0.917752 0.021101 0.027082
0 0.540858 0.740985 0.021101 0.032206
0 0.585280 0.794784 0.016658 0.032938
0 0.622761 0.821866 0.020545 0.028546
0 0.686063 0.812717 0.027209 0.019031
0 0.739092 0.893232 0.017769 0.030742
0 0.781293 0.732567 0.016658 0.027082
0 0.882631 0.764041 0.018324 0.028546
0 0.819052 0.710243 0.022211 0.033670
0 0.926498 0.785634 0.020545 0.035134
0 0.962313 0.780876 0.022211 0.041722
0 0.867916 0.858098 0.024432 0.033670
0 0.774074 0.979603 0.016658 0.027814
0 0.968422 0.886644 0.013327 0.032206
0 0.983136 0.940809 0.012771 0.027814
0 0.698556 0.679866 0.023322 0.019763
0 0.866250 0.691578 0.017769 0.027082
0 0.914004 0.598253 0.021101 0.032206
0 0.643862 0.680354 0.019435 0.034402
0 0.626648 0.590324 0.018324 0.034402
0 0.684675 0.528107 0.015548 0.038794
0 0.806280 0.554458 0.015548 0.032938
0 0.777684 0.605329 0.019435 0.030742
0 0.777128 0.398063 0.019435 0.038794
0 0.851258 0.407944 0.022211 0.035134
0 0.884297 0.376836 0.021656 0.035866
0 0.773797 0.428073 0.021656 0.027082
0 0.859032 0.211536 0.015548 0.029278
0 0.829602 0.208242 0.018879 0.024155
0 0.768799 0.283999 0.017214 0.029278
0 0.977028 0.240082 0.024988 0.026350
0 0.736871 0.376592 0.022211 0.038794
0 0.695225 0.196531 0.019990 0.035866
0 0.659132 0.184087 0.019990 0.032938
0 0.618596 0.215561 0.021101 0.032938
0 0.736038 0.163592 0.020545 0.031474
0 0.826826 0.109550 0.015548 0.027814
0 0.772131 0.127483 0.018324 0.025619
0 0.601383 0.216049 0.018879 0.030010
0 0.581393 0.202142 0.019990 0.025619
0 0.547243 0.253013 0.017214 0.030742
0 0.534749 0.216781 0.016658 0.031474
0 0.493659 0.280462 0.017769 0.038794
0 0.412588 0.341214 0.019990 0.027082
0 0.385380 0.287049 0.018879 0.031474
0 0.494214 0.426121 0.018879 0.025619
0 0.559737 0.449910 0.016658 0.026350
0 0.463119 0.330601 0.022211 0.036598
0 0.405370 0.520910 0.026653 0.030742
0 0.377606 0.536647 0.016658 0.022691
0 0.380382 0.651076 0.023322 0.027082
0 0.310510 0.614112 0.018324 0.029278
0 0.242766 0.522617 0.021656 0.032206
0 0.225830 0.608256 0.024432 0.027814
0 0.107000 0.603133 0.021101 0.026350
0 0.131988 0.590324 0.018879 0.030010
0 0.081735 0.659128 0.030540 0.030010
0 0.174744 0.513834 0.017769 0.026350
0 0.062300 0.467721 0.024988 0.030742
0 0.208431 0.314010 0.022211 0.030742
0 0.299497 0.346582 0.012216 0.028546
0 0.166785 0.393061 0.017769 0.029278
0 0.079884 0.300102 0.023877 0.032206
0 0.039627 0.285463 0.021101 0.029278
0 0.621003 0.411360 0.013327 0.023423
0 0.468856 0.072098 0.021101 0.025619
0 0.426655 0.101010 0.016658 0.026350
0 0.413884 0.134680 0.018879 0.029278
0 0.396948 0.181891 0.024988 0.043185
0 0.317821 0.193969 0.019990 0.030742
0 0.310047 0.062948 0.017769 0.032206
0 0.293389 0.167984 0.023322 0.034402
0 0.294222 0.232030 0.018324 0.036598
0 0.257296 0.251427 0.021101 0.031474
0 0.211208 0.117113 0.024432 0.035134
0 0.131248 0.206046 0.026653 0.028546
0 0.171505 0.252159 0.019435 0.034402
0 0.238971 0.246304 0.015548 0.038794