0 0.459039 0.454240 0.021989 0.033011
0 0.091843 0.873054 0.021378 0.024155
0 0.013660 0.777644 0.022600 0.031401
0 0.078711 0.731750 0.029319 0.028180
0 0.207285 0.943103 0.025043 0.025765
0 0.269587 0.982555 0.021378 0.024155
0 0.319063 0.945115 0.022600 0.024960
0 0.238131 0.812668 0.025654 0.028986
0 0.250958 0.769995 0.021989 0.024155
0 0.153840 0.740204 0.023211 0.022544
0 0.362430 0.898417 0.025043 0.028180
0 0.455272 0.957998 0.022600 0.021739
0 0.410073 0.841653 0.011605 0.022544
0 0.321811 0.773618 0.029319 0.023349
0 0.508718 0.972088 0.017103 0.022544
0 0.475124 0.839640 0.015881 0.021739
0 0.583542 0.932636 0.016492 0.027375
0 0.642790 0.820317 0.027486 0.026570
0 0.390527 0.698068 0.018935 0.020934
0 0.716086 0.887547 0.015270 0.024155
0 0.748154 0.833602 0.021989 0.022544
0 0.719446 0.739801 0.017103 0.024960
0 0.690433 0.703972 0.017713 0.024155
0 0.673025 0.736581 0.021989 0.018519
0 0.652257 0.780059 0.023211 0.028180
0 0.757621 0.717660 0.022600 0.030596
0 0.817582 0.974638 0.018324 0.020129
0 0.932108 0.921498 0.016492 0.023349
0 0.981278 0.907005 0.010995 0.021739
0 0.894238 0.939614 0.018935 0.024155
0 0.839571 0.650429 0.014659 0.023349
0 0.782766 0.648014 0.021989 0.023349
0 0.932108 0.853731 0.014049 0.030596
0 0.869195 0.743961 0.020157 0.028986
0 0.893016 0.552335 0.020157 0.028986
0 0.813612 0.547504 0.018935 0.020934
0 0.692265 0.533011 0.018935 0.030596
0 0.651341 0.665056 0.017713 0.022544
0 0.618968 0.634863 0.018935 0.023349
0 0.637292 0.601449 0.016492 0.027375
0 0.747848 0.424181 0.015270 0.029791
0 0.845883 0.344069 0.019546 0.028986
0 0.671192 0.445518 0.019546 0.025765
0 0.604920 0.417740 0.022600 0.028180
0 0.560942 0.373457 0.018935 0.029791
0 0.822367 0.279791 0.018935 0.029791
0 0.759454 0.350644 0.021378 0.034622
0 0.654700 0.269324 0.018324 0.037842
0 0.727997 0.138889 0.018324 0.031401
0 0.775335 0.147746 0.021378 0.034622
0 0.842218 0.138486 0.019546 0.038647
0 0.920503 0.289855 0.022600 0.037037
0 0.914089 0.086957 0.019546 0.035427
0 0.945240 0.145330 0.019546 0.034622
0 0.818193 0.098631 0.017103 0.029791
0 0.752633 0.090177 0.014659 0.025765
0 0.595554 0.077295 0.018935 0.035427
0 0.541192 0.149758 0.022600 0.032206
0 0.455374 0.177134 0.021989 0.041868
0 0.514622 0.281133 0.018324 0.028180
0 0.470644 0.382582 0.020767 0.029791
0 0.393683 0.250939 0.018324 0.027375
0 0.430026 0.268653 0.020157 0.027375
0 0.360088 0.343935 0.017103 0.029791
0 0.368945 0.105878 0.023821 0.036232
0 0.281600 0.182367 0.021378 0.028180
0 0.205656 0.111245 0.027486 0.041063
0 0.295750 0.080247 0.019546 0.032206
0 0.133785 0.340714 0.020157 0.028180
0 0.164325 0.333870 0.025043 0.035427
0 0.229987 0.301664 0.023211 0.033816
0 0.206776 0.429683 0.023211 0.030596
0 0.281600 0.428476 0.021378 0.041063
0 0.247395 0.536232 0.022600 0.032206
0 0.342986 0.473430 0.021989 0.032206
0 0.319775 0.478261 0.021989 0.028986
0 0.139180 0.471820 0.025654 0.025765
0 0.067716 0.278315 0.019546 0.030596
1 0.036607 0.199410 0.073213 0.125604
0 0.031068 0.113527 0.021989 0.028986
0 0.129713 0.134058 0.022600 0.037842
0 0.166158 0.227858 0.012827 0.030596
1 0.434810 0.506575 0.070853 0.137681
0 0.489274 0.539452 0.020157 0.025765
0 0.566541 0.612721 0.017103 0.027375
0 0.530809 0.637681 0.022600 0.028986
0 0.720769 0.600242 0.022600 0.036232
0 0.500167 0.834004 0.021989 0.028180
0 0.946462 0.425523 0.017103 0.024960
0 0.579979 0.276704 0.019546 0.040258
0 0.182659 0.163043 0.017408 0.031401