0 0.285521 0.906971 0.031420 0.043277
0 0.223310 0.855643 0.028906 0.045290
0 0.342391 0.863694 0.027021 0.043277
0 0.344591 0.785695 0.025136 0.042271
0 0.340506 0.737386 0.030791 0.044283
0 0.306049 0.606045 0.023879 0.039251
0 0.426073 0.603026 0.028906 0.047303
0 0.463148 0.738392 0.025136 0.046296
0 0.517819 0.942700 0.026393 0.044283
0 0.405336 0.880301 0.025136 0.042271
0 0.567986 0.651838 0.016967 0.038245
0 0.483466 0.755502 0.020109 0.040258
0 0.570499 0.840546 0.025764 0.041264
0 0.615430 0.837527 0.023879 0.033213
0 0.617629 0.896404 0.014453 0.036232
0 0.656904 0.605039 0.018852 0.033213
0 0.709689 0.834004 0.018852 0.034219
0 0.737653 0.773618 0.019480 0.042271
0 0.762160 0.764560 0.018224 0.044283
0 0.827304 0.788211 0.019480 0.033213
0 0.838929 0.717760 0.021365 0.039251
0 0.953298 0.929616 0.020109 0.030193
0 0.969322 0.923578 0.015710 0.046296
0 0.923449 0.546162 0.018224 0.040258
0 0.803425 0.624665 0.016967 0.036232
0 0.706338 0.479234 0.020109 0.043277
0 0.662036 0.474202 0.020737 0.043277
0 0.564320 0.531066 0.021365 0.038245
0 0.518761 0.497350 0.020737 0.041264
0 0.610821 0.567801 0.021365 0.035225
0 0.751582 0.518988 0.016338 0.038245
0 0.542745 0.355441 0.020109 0.035225
0 0.462310 0.408280 0.021365 0.038245
0 0.417380 0.503892 0.027021 0.044283
0 0.359882 0.510433 0.020109 0.043277
0 0.222263 0.382112 0.027649 0.054348
0 0.250226 0.305623 0.027021 0.048309
0 0.317779 0.289016 0.022622 0.045290
0 0.401670 0.301597 0.025764 0.044283
0 0.440631 0.246746 0.029535 0.039251
0 0.501271 0.221082 0.025136 0.046296
0 0.537090 0.205482 0.021365 0.047303
0 0.572908 0.352422 0.017595 0.039251
0 0.598044 0.343364 0.020109 0.041264
0 0.636690 0.326255 0.015710 0.049316
0 0.696702 0.270900 0.018852 0.043277
0 0.628835 0.422370 0.022622 0.042271
0 0.760694 0.218733 0.021994 0.032206
0 0.772319 0.205649 0.015082 0.032206
0 0.660465 0.137211 0.031420 0.030193
0 0.750954 0.349067 0.020109 0.039251
0 0.721733 0.316861 0.018224 0.035225
0 0.603700 0.049819 0.018852 0.035225
0 0.563796 0.168579 0.023251 0.045290
0 0.410153 0.125805 0.022622 0.040258
0 0.330975 0.131341 0.022622 0.043277
0 0.296099 0.115238 0.023251 0.041264
0 0.355483 0.309984 0.022622 0.036232
0 0.614721 0.643519 0.021868 0.032609
0 0.727456 0.583736 0.019606 0.031401