1 0.452582 0.552445 0.062383 0.187747
1 0.513795 0.641897 0.040694 0.227500
1 0.545659 0.729823 0.055283 0.081162
0 0.038007 0.945026 0.025338 0.044270
0 0.213785 0.958657 0.040655 0.047259
0 0.258374 0.946580 0.027540 0.050410
0 0.321978 0.936078 0.034097 0.044108
0 0.288209 0.834734 0.029507 0.047259
0 0.220670 0.682455 0.021639 0.043058
0 0.268865 0.586887 0.024917 0.051460
0 0.319683 0.640447 0.032130 0.049359
0 0.357715 0.646748 0.024262 0.055661
0 0.518585 0.830008 0.029507 0.039908
0 0.485471 0.944479 0.028852 0.042008
0 0.546125 0.956032 0.029507 0.035707
0 0.430063 0.761220 0.026884 0.034657
0 0.619237 0.849962 0.023606 0.031506
0 0.647105 0.804278 0.025573 0.040958
0 0.633991 0.745992 0.021639 0.037807
0 0.697268 0.868865 0.032786 0.046209
0 0.746119 0.860989 0.022950 0.034657
0 0.780872 0.766471 0.026884 0.043058
0 0.607872 0.601064 0.023606 0.037807
0 0.685246 0.636246 0.027540 0.036757
0 0.732130 0.588462 0.024262 0.029406
0 0.777703 0.588987 0.032786 0.030456
0 0.751583 0.783799 0.022950 0.027305
0 0.954200 0.983792 0.025573 0.032416
0 0.975511 0.905097 0.027540 0.024155
0 0.901087 0.788000 0.020327 0.031506
0 0.961085 0.700308 0.020983 0.034657
0 0.818466 0.553980 0.016393 0.034657
0 0.911251 0.515648 0.018360 0.035707
0 0.931250 0.488868 0.020327 0.026255
0 0.722404 0.607015 0.022294 0.037807
0 0.622079 0.497795 0.022294 0.031506
0 0.538147 0.476265 0.022294 0.043058
0 0.517164 0.493069 0.020983 0.038857
0 0.794861 0.394350 0.015082 0.030456
0 0.746010 0.328712 0.022294 0.025205
0 0.671586 0.323461 0.016393 0.037807
0 0.695519 0.368095 0.019672 0.034657
0 0.851580 0.327662 0.019672 0.029406
0 0.893546 0.279878 0.014426 0.032556
0 0.795188 0.237345 0.017049 0.033606
0 0.788303 0.162781 0.019016 0.035707
0 0.902071 0.210565 0.015737 0.040958
0 0.701093 0.183785 0.017704 0.035707
0 0.720437 0.137576 0.022294 0.042008
0 0.627325 0.167507 0.022294 0.034657
0 0.600768 0.180109 0.020327 0.038857
0 0.588637 0.236295 0.018360 0.035707
0 0.595850 0.285654 0.022294 0.037807
0 0.525033 0.187986 0.026229 0.039908
0 0.453887 0.223167 0.022950 0.036757
0 0.575632 0.454386 0.019016 0.033606
0 0.449953 0.409753 0.020327 0.040958
0 0.325694 0.441784 0.027540 0.029406
0 0.265368 0.368270 0.024917 0.046209
0 0.204386 0.434958 0.026229 0.043058
0 0.303400 0.195512 0.027540 0.049359
0 0.272909 0.218091 0.025573 0.044108
0 0.381102 0.163481 0.024262 0.044108
0 0.351267 0.134426 0.018360 0.035707
0 0.426347 0.160155 0.021639 0.040958
0 0.589074 0.066688 0.020983 0.049359
0 0.302416 0.111321 0.026884 0.044108
0 0.152912 0.546104 0.022950 0.042008
0 0.115864 0.946930 0.024917 0.037807
0 0.354109 0.845761 0.032786 0.050410
0 0.858793 0.817930 0.019672 0.030456
0 0.472303 0.480723 0.021718 0.046378
0 0.516946 0.550291 0.025740 0.041225
0 0.560382 0.704886 0.022523 0.030919