2 0.503495 0.952496 0.072391 0.095008
1 0.816582 0.370839 0.039696 0.138883
1 0.649352 0.351002 0.103885 0.062224
1 0.624859 0.256313 0.029561 0.146092
0 0.220861 0.710821 0.029561 0.051403
0 0.243497 0.565620 0.025364 0.049407
0 0.322332 0.535427 0.022622 0.041722
0 0.326102 0.668277 0.030163 0.039526
0 0.312735 0.584834 0.026735 0.037330
0 0.162262 0.645220 0.028792 0.050505
0 0.168089 0.685844 0.028106 0.043917
0 0.311021 0.964903 0.030163 0.049407
0 0.381287 0.886949 0.029478 0.055995
0 0.330901 0.819426 0.023308 0.046113
0 0.399111 0.826014 0.026735 0.048309
0 0.425503 0.738179 0.028792 0.050505
0 0.344612 0.973137 0.027421 0.046113
0 0.290112 0.537806 0.030849 0.042819
0 0.434758 0.666813 0.028106 0.043917
0 0.481031 0.669009 0.024679 0.046113
0 0.506052 0.635522 0.021251 0.051603
0 0.498512 0.784841 0.026735 0.045015
0 0.575633 0.709084 0.021937 0.042819
0 0.688059 0.908359 0.027421 0.030742
0 0.697656 0.762333 0.027421 0.041722
0 0.749756 0.801310 0.024679 0.034036
0 0.744272 0.694810 0.024679 0.034036
0 0.780262 0.715122 0.026735 0.039526
0 0.846758 0.777156 0.021251 0.029644
0 0.849500 0.906163 0.028106 0.035134
0 0.823450 0.986020 0.023993 0.027960
0 0.931763 0.971490 0.018509 0.027448
0 0.919423 0.823269 0.019880 0.029644
0 0.928678 0.797467 0.015082 0.030742
0 0.858412 0.710182 0.015767 0.034036
0 0.846415 0.621249 0.024679 0.038428
0 0.797057 0.597094 0.016453 0.036232
0 0.746671 0.551530 0.021251 0.028546
0 0.738445 0.426914 0.021251 0.034036
0 0.712395 0.433502 0.019880 0.036232
0 0.636645 0.445030 0.016453 0.030742
0 0.643500 0.530669 0.026050 0.032938
0 0.567064 0.510357 0.021251 0.036232
0 0.523876 0.545491 0.025364 0.036232
0 0.459208 0.472112 0.023993 0.043917
0 0.360836 0.574769 0.024679 0.036232
0 0.200080 0.444115 0.019880 0.038428
0 0.274802 0.449056 0.028106 0.046113
0 0.269661 0.383180 0.017824 0.041722
0 0.378316 0.485837 0.021251 0.038428
0 0.328616 0.339262 0.020566 0.030742
0 0.260749 0.274484 0.024679 0.043917
0 0.359122 0.296992 0.023993 0.042819
0 0.496569 0.337066 0.027421 0.048309
0 0.440356 0.178415 0.021937 0.036232
0 0.544213 0.149319 0.023993 0.035134
0 0.675034 0.129556 0.019195 0.035134
0 0.637330 0.165239 0.016453 0.031840
0 0.727134 0.299188 0.020566 0.040624
0 0.790202 0.255270 0.023308 0.040624
0 0.750442 0.202020 0.017824 0.026350
0 0.947187 0.341458 0.019195 0.032938
0 0.882062 0.209706 0.017824 0.032938
0 0.830648 0.227273 0.019195 0.028546
0 0.721992 0.106500 0.014396 0.032938
0 0.722335 0.572574 0.019195 0.027448
0 0.746328 0.513285 0.020566 0.034036
0 0.544899 0.305409 0.019880 0.038428
0 0.209335 0.902869 0.024679 0.039526
0 0.696399 0.880911 0.017138 0.028546
0 0.576776 0.777156 0.020566 0.031840
0 0.564436 0.791429 0.026050 0.042819
0 0.623217 0.307661 0.022710 0.038887
0 0.690907 0.367298 0.020357 0.031910
0 0.828713 0.312843 0.015593 0.021505