0 0.132542 0.949205 0.024698 0.030456
0 0.108641 0.967059 0.022308 0.038857
0 0.023792 0.939754 0.021511 0.038857
0 0.197474 0.839985 0.029478 0.038857
0 0.273957 0.755969 0.018324 0.032556
0 0.330921 0.745467 0.017527 0.030456
0 0.266389 0.927676 0.023901 0.037807
0 0.334905 0.820031 0.022308 0.030456
0 0.175963 0.667752 0.023104 0.028355
0 0.047295 0.628895 0.030275 0.036757
0 0.319768 0.603690 0.023901 0.036757
0 0.438078 0.866765 0.027885 0.029406
0 0.377130 0.589512 0.020714 0.037807
0 0.565551 0.808479 0.015137 0.032556
0 0.508985 0.723412 0.019918 0.032556
0 0.550015 0.713961 0.019121 0.034657
0 0.594630 0.674578 0.015934 0.027305
0 0.691031 0.663026 0.023901 0.025205
0 0.544571 0.982812 0.018324 0.026255
0 0.499159 0.931352 0.016731 0.024155
0 0.628623 0.968634 0.019121 0.027305
0 0.666865 0.883043 0.022308 0.034657
0 0.685189 0.975460 0.015934 0.030456
0 0.624905 0.710810 0.015934 0.030456
0 0.719447 0.696107 0.019121 0.032556
0 0.782785 0.772247 0.019918 0.023104
0 0.808678 0.717636 0.017527 0.029406
0 0.825807 0.801652 0.015137 0.031506
0 0.842936 0.715011 0.017527 0.032556
0 0.717455 0.832633 0.021511 0.028355
0 0.757689 0.881993 0.022308 0.026255
0 0.877991 0.895120 0.015934 0.031506
0 0.918623 0.865714 0.015934 0.027305
0 0.910257 0.929777 0.019918 0.025205
0 0.871219 0.974410 0.015137 0.022054
0 0.972400 0.890919 0.019918 0.035707
0 0.887950 0.713436 0.018324 0.025205
0 0.958856 0.727613 0.021511 0.032556
0 0.759282 0.635371 0.019121 0.042008
0 0.872016 0.613842 0.016731 0.026255
0 0.969612 0.532451 0.015934 0.029406
0 0.610697 0.589162 0.016731 0.039908
0 0.561301 0.485717 0.015137 0.030456
0 0.481233 0.528250 0.023901 0.033606
0 0.431439 0.550305 0.018324 0.033606
0 0.669255 0.392775 0.020714 0.029406
0 0.557716 0.420605 0.020714 0.032556
0 0.515491 0.385948 0.019121 0.028355
0 0.763266 0.337639 0.017527 0.030456
0 0.730999 0.313485 0.024698 0.030456
0 0.843733 0.459987 0.015934 0.029406
0 0.761672 0.485717 0.023901 0.030456
0 0.912249 0.569208 0.012747 0.033606
0 0.910257 0.370720 0.019918 0.035707
0 0.854887 0.358118 0.019121 0.027305
0 0.807084 0.177834 0.017527 0.033606
0 0.769639 0.113772 0.017527 0.035707
0 0.744145 0.094868 0.023901 0.027305
0 0.922606 0.230869 0.020714 0.032556
0 0.858870 0.230344 0.017527 0.033606
0 0.968815 0.178359 0.020714 0.036757
0 0.627959 0.087692 0.019918 0.028355
0 0.607245 0.226318 0.019918 0.028355
0 0.658632 0.243646 0.020714 0.027305
0 0.505665 0.262550 0.020714 0.029406
0 0.554662 0.150704 0.018324 0.030456
0 0.553866 0.041483 0.019918 0.034657
0 0.514429 0.054610 0.019121 0.031506
0 0.422410 0.162781 0.018324 0.031506
0 0.381379 0.195337 0.017527 0.027305
0 0.351901 0.198488 0.019121 0.031506
0 0.409264 0.042008 0.015934 0.029406
0 0.375006 0.082441 0.020714 0.026255
0 0.388417 0.358643 0.016731 0.028355
0 0.346988 0.521949 0.018324 0.029406
0 0.283650 0.527725 0.017527 0.032556
0 0.303966 0.541378 0.018324 0.030456
0 0.243417 0.555030 0.019918 0.032556
0 0.252712 0.186060 0.023104 0.034657
0 0.286572 0.143527 0.022308 0.033606
0 0.287368 0.064237 0.020714 0.032556
0 0.251517 0.088917 0.020714 0.035707
0 0.175033 0.118322 0.025494 0.046209
0 0.125239 0.114122 0.021511 0.035707
0 0.092574 0.098894 0.016731 0.028355
0 0.064292 0.120423 0.023901 0.033606
0 0.227217 0.070538 0.021511 0.034657
0 0.077835 0.435833 0.022308 0.031506
0 0.066283 0.580760 0.023104 0.031506
0 0.148344 0.351292 0.024698 0.038857
0 0.245940 0.383848 0.025494 0.030456
0 0.080358 0.804278 0.026291 0.028355