0 0.052569 0.904264 0.028009 0.054060
0 0.132285 0.893912 0.023700 0.049459
0 0.198716 0.873783 0.024418 0.052910
0 0.184352 0.959474 0.027290 0.054060
0 0.283459 0.865156 0.033036 0.051760
0 0.321881 0.902538 0.026572 0.052910
0 0.377899 0.838701 0.032318 0.047159
0 0.361740 0.865731 0.018672 0.036807
0 0.349172 0.895637 0.023700 0.041408
0 0.378976 0.808795 0.031599 0.037957
0 0.139108 0.692048 0.028727 0.052910
0 0.164962 0.644314 0.028727 0.049459
0 0.223492 0.585653 0.030881 0.049459
0 0.243242 0.682271 0.031599 0.067863
0 0.422066 0.791542 0.022981 0.035657
0 0.471979 0.748409 0.020827 0.039107
0 0.493643 0.652941 0.021545 0.036807
0 0.486102 0.595430 0.019391 0.046009
0 0.577669 0.761061 0.025854 0.043708
0 0.636200 0.790392 0.023700 0.040258
0 0.604241 0.930719 0.015800 0.035657
0 0.593828 0.950272 0.023700 0.051760
0 0.658343 0.600606 0.018672 0.049459
0 0.677015 0.567825 0.021545 0.043708
0 0.734110 0.616709 0.022263 0.042558
0 0.733751 0.843877 0.025854 0.046009
0 0.605199 0.857105 0.021545 0.042558
0 0.577549 0.576451 0.026572 0.044859
0 0.539486 0.551722 0.020827 0.034507
0 0.864098 0.885860 0.028009 0.035657
0 0.965719 0.823748 0.024418 0.040258
0 0.659779 0.916916 0.028727 0.047159
0 0.871280 0.658117 0.017954 0.028755
0 0.943815 0.475807 0.016518 0.034507
0 0.967873 0.494211 0.015800 0.029906
0 0.813946 0.392608 0.021545 0.032206
0 0.834414 0.338548 0.022263 0.039107
0 0.941780 0.396634 0.018672 0.040258
0 0.734948 0.332797 0.018672 0.039107
0 0.693653 0.356951 0.026572 0.039107
0 0.568333 0.355226 0.021545 0.037957
0 0.548224 0.397784 0.020109 0.035657
0 0.484307 0.336822 0.020109 0.037957
0 0.447681 0.313243 0.021545 0.039107
0 0.478562 0.446093 0.025854 0.044859
0 0.415722 0.478874 0.023700 0.046009
0 0.653076 0.419638 0.015800 0.026455
0 0.701912 0.481175 0.018672 0.034507
0 0.354199 0.514339 0.028009 0.051760
0 0.380771 0.472932 0.026572 0.037957
0 0.314700 0.483284 0.028009 0.042558
0 0.296027 0.512614 0.023700 0.048309
0 0.297823 0.595430 0.027290 0.048309
0 0.258324 0.496511 0.022981 0.050610
0 0.361740 0.265509 0.022981 0.044859
0 0.460129 0.120198 0.021545 0.042558
0 0.562468 0.259949 0.022263 0.050610
0 0.625666 0.240971 0.019391 0.035657
0 0.586167 0.224868 0.019391 0.040258
0 0.620280 0.152979 0.017236 0.043708
0 0.714121 0.134000 0.014363 0.042558
0 0.664208 0.150679 0.025136 0.043708
0 0.743566 0.088567 0.018672 0.041408
0 0.682521 0.044283 0.022981 0.035657
0 0.475330 0.062112 0.022263 0.041408
0 0.324515 0.245572 0.028009 0.051760
0 0.277834 0.253048 0.022263 0.046009
0 0.900927 0.079568 0.023953 0.045467
0 0.837052 0.014919 0.020404 0.029838
0 0.818422 0.235152 0.018630 0.032680
0 0.989198 0.322535 0.017743 0.036942