0 0.162639 0.936603 0.032786 0.049359
0 0.092149 0.844711 0.034753 0.048309
0 0.241325 0.864664 0.032786 0.050410
0 0.300995 0.784849 0.034097 0.042008
0 0.319683 0.702934 0.029507 0.042008
0 0.382960 0.666702 0.027540 0.045159
0 0.389190 0.801652 0.026884 0.050410
0 0.374764 0.815830 0.024262 0.036757
0 0.290613 0.607365 0.022950 0.039908
0 0.513557 0.883043 0.026884 0.045159
0 0.483067 0.891444 0.027540 0.036757
0 0.497820 0.806903 0.021639 0.031506
0 0.512246 0.743891 0.028196 0.033606
0 0.512574 0.695057 0.026229 0.036757
0 0.549950 0.782224 0.026229 0.034657
0 0.590604 0.758594 0.024917 0.048309
0 0.668307 0.925576 0.028196 0.039908
0 0.478804 0.592663 0.026884 0.039908
0 0.635084 0.711860 0.025573 0.030456
0 0.677706 0.735490 0.020327 0.042008
0 0.721639 0.849962 0.024262 0.039908
0 0.752785 0.749667 0.020983 0.047259
0 0.795079 0.933452 0.020327 0.043058
0 0.538147 0.591612 0.022294 0.037807
0 0.786118 0.664076 0.025573 0.035707
0 0.831690 0.790625 0.020983 0.038857
0 0.895951 0.688231 0.022294 0.039908
0 0.929392 0.875166 0.024917 0.033606
0 0.983489 0.902471 0.024262 0.037807
0 0.833220 0.489918 0.015737 0.032556
0 0.806336 0.622768 0.018360 0.033606
0 0.683061 0.448960 0.023606 0.040958
0 0.722404 0.498320 0.020983 0.040958
0 0.691585 0.597564 0.019672 0.039908
0 0.615849 0.463663 0.019016 0.040958
0 0.885678 0.527200 0.020983 0.037807
0 0.887645 0.405202 0.018360 0.032556
0 0.757813 0.321711 0.020983 0.031506
0 0.736174 0.374221 0.022294 0.033606
0 0.800434 0.250998 0.022294 0.035707
0 0.621751 0.288805 0.022950 0.035707
0 0.558146 0.261500 0.019016 0.037807
0 0.583391 0.199013 0.023606 0.036757
0 0.525688 0.432682 0.020983 0.037807
0 0.488968 0.347616 0.020983 0.044108
0 0.517820 0.486242 0.018360 0.029406
0 0.641095 0.064062 0.018360 0.037807
0 0.691585 0.110271 0.019672 0.039908
0 0.775189 0.084541 0.021639 0.036757
0 0.487766 0.092418 0.021639 0.037807
0 0.462193 0.131275 0.028196 0.044108
0 0.360447 0.316110 0.024917 0.044108
0 0.456838 0.405377 0.022294 0.042008
0 0.466018 0.514598 0.026229 0.046209
0 0.400774 0.518799 0.022950 0.033606
0 0.399244 0.203214 0.020327 0.034657
0 0.209960 0.326262 0.026884 0.046209
0 0.211599 0.457012 0.023606 0.055661
0 0.289302 0.533501 0.024262 0.046209
0 0.752567 0.403977 0.014426 0.033606
0 0.672897 0.282154 0.020327 0.039908
0 0.401216 0.303140 0.015082 0.036232