2 0.318802 0.461479 0.067632 0.195778
0 0.137548 0.864747 0.026544 0.043480
0 0.205417 0.970064 0.029561 0.047345
0 0.300434 0.969581 0.033784 0.048311
0 0.293798 0.917406 0.030164 0.048311
0 0.332710 0.889385 0.030767 0.054108
0 0.219896 0.708220 0.028354 0.041547
0 0.223516 0.776821 0.035594 0.057007
0 0.249859 0.654111 0.030767 0.039615
0 0.267656 0.633338 0.030164 0.044446
0 0.335726 0.538648 0.028354 0.042514
0 0.375543 0.618844 0.021115 0.042514
0 0.421091 0.603868 0.026544 0.037682
0 0.454573 0.622226 0.024735 0.045412
0 0.499517 0.679716 0.024131 0.052176
0 0.406612 0.933026 0.031371 0.041547
0 0.540038 0.840752 0.023528 0.032851
0 0.556930 0.920948 0.027148 0.036716
0 0.623592 0.877952 0.020512 0.039615
0 0.615146 0.823360 0.021718 0.038649
0 0.674570 0.868773 0.025941 0.040581
0 0.740931 0.885198 0.023528 0.059905
0 0.865810 0.949452 0.025941 0.035750
0 0.876367 0.894860 0.021718 0.040581
0 0.765364 0.808867 0.028958 0.030919
0 0.925233 0.696625 0.020512 0.039615
0 0.959319 0.668121 0.017495 0.040581
0 0.933679 0.666189 0.021718 0.034784
0 0.812118 0.627057 0.019908 0.031885
0 0.796131 0.542996 0.018098 0.039615
0 0.723134 0.559905 0.021718 0.032851
0 0.742741 0.592757 0.023528 0.028987
0 0.816643 0.460385 0.028958 0.038649
0 0.886623 0.489371 0.022925 0.038649
0 0.920407 0.467631 0.018098 0.039615
0 0.627514 0.534461 0.021115 0.032851
0 0.554818 0.562965 0.022925 0.037682
0 0.635356 0.584705 0.025941 0.046378
0 0.670045 0.690344 0.024131 0.042514
0 0.610019 0.676334 0.023528 0.041547
0 0.804577 0.387435 0.025338 0.033818
0 0.849823 0.373908 0.021718 0.037682
0 0.832630 0.212067 0.023528 0.030919
0 0.819659 0.253614 0.019305 0.038649
0 0.725044 0.340091 0.018702 0.037682
0 0.622386 0.327852 0.022925 0.031885
0 0.549690 0.334132 0.023528 0.030919
0 0.626005 0.173257 0.018098 0.041547
0 0.471867 0.129777 0.024735 0.031885
0 0.594936 0.135092 0.025941 0.034784
0 0.428129 0.280507 0.022925 0.031885
0 0.496602 0.488727 0.023528 0.034784
0 0.575330 0.644449 0.032577 0.039615
0 0.350406 0.072771 0.023528 0.029953
0 0.300937 0.189683 0.019908 0.053142
0 0.347691 0.111419 0.025338 0.045412
0 0.365991 0.876824 0.021718 0.038649
0 0.368404 0.760395 0.022925 0.043480
0 0.551098 0.662324 0.018702 0.038649
0 0.458375 0.490128 0.020020 0.040080
0 0.701222 0.675332 0.025651 0.037074
0 0.902674 0.792733 0.029404 0.030060
0 0.979938 0.210402 0.018769 0.033066
0 0.595283 0.223762 0.023148 0.037074