0 0.262969 0.773466 0.026758 0.042076
0 0.306754 0.944107 0.029677 0.046751
0 0.342025 0.898525 0.023352 0.039738
0 0.362702 0.782816 0.022866 0.043634
0 0.387270 0.751649 0.026271 0.048309
0 0.437623 0.722430 0.019947 0.038180
0 0.435920 0.903589 0.025298 0.042076
0 0.402108 0.924627 0.026758 0.037401
0 0.246185 0.673082 0.030163 0.036621
0 0.304808 0.646200 0.022866 0.052984
0 0.435271 0.953457 0.034055 0.042076
0 0.505327 0.956184 0.032109 0.044413
0 0.509706 0.853722 0.028217 0.042076
0 0.539382 0.734897 0.022379 0.045972
0 0.554221 0.719313 0.024812 0.039738
0 0.620871 0.825671 0.024812 0.038959
0 0.657359 0.852943 0.020920 0.040517
0 0.796903 0.777752 0.024325 0.042855
0 0.733902 0.978391 0.027731 0.038959
0 0.769659 0.981014 0.026271 0.037972
0 0.694982 0.760610 0.023839 0.036621
0 0.870880 0.879630 0.018562 0.036232
0 0.868849 0.907500 0.017982 0.032516
0 0.966976 0.749566 0.018562 0.041806
0 0.853574 0.642264 0.020302 0.037161
0 0.756125 0.636690 0.019142 0.029729
0 0.659255 0.583736 0.024943 0.033445
0 0.888958 0.490834 0.013341 0.026013
0 0.813260 0.689180 0.015082 0.034374
0 0.956535 0.412331 0.013921 0.026942
0 0.909550 0.378886 0.013921 0.028800
0 0.896209 0.396073 0.016242 0.027871
0 0.667086 0.479221 0.018562 0.032516
0 0.596028 0.492692 0.017982 0.035303
0 0.594578 0.530317 0.023202 0.036232
0 0.543243 0.514059 0.020302 0.040877
0 0.508440 0.582342 0.022622 0.034374
0 0.768016 0.567943 0.015082 0.026013
0 0.792958 0.541001 0.020882 0.027871
0 0.672886 0.407222 0.015082 0.031587
0 0.486107 0.435092 0.022042 0.031587
0 0.477987 0.491763 0.024362 0.044593
0 0.463775 0.585129 0.037704 0.036232
0 0.389238 0.391428 0.023202 0.037161
0 0.269165 0.479685 0.031323 0.042735
0 0.279607 0.392357 0.026683 0.046451
0 0.335292 0.311068 0.024362 0.043664
0 0.399679 0.220953 0.026683 0.039948
0 0.457394 0.226527 0.022622 0.045522
0 0.536572 0.316642 0.023202 0.047380
0 0.644463 0.282733 0.020882 0.035303
0 0.701309 0.328719 0.022042 0.034374
0 0.617781 0.225133 0.020882 0.031587
0 0.584717 0.180076 0.022042 0.043664
0 0.794118 0.359841 0.018562 0.033445
0 0.844003 0.344513 0.017402 0.032516
0 0.890698 0.311997 0.017982 0.036232
0 0.721611 0.224204 0.017402 0.031587
0 0.719871 0.268797 0.018562 0.027871
0 0.867496 0.133315 0.016822 0.038090
0 0.910130 0.234114 0.016242 0.029729
0 0.725381 0.172334 0.015662 0.030658
0 0.536572 0.140747 0.024362 0.038090
0 0.441733 0.143999 0.022622 0.042735
0 0.593805 0.388331 0.018562 0.033445
0 0.322047 0.054348 0.017982 0.038090
0 0.378603 0.064567 0.018562 0.030658
0 0.308706 0.128205 0.024943 0.037161
0 0.300295 0.140747 0.025523 0.036232
0 0.539569 0.047845 0.022622 0.039948
0 0.404319 0.720147 0.020882 0.041806