2 0.250336 0.708540 0.068653 0.165913
0 0.273221 0.773181 0.022884 0.036630
0 0.025578 0.932629 0.022884 0.034475
0 0.080746 0.895461 0.017163 0.029089
0 0.195577 0.960102 0.017981 0.026934
0 0.187404 0.841054 0.019615 0.030166
0 0.249519 0.862601 0.022884 0.028011
0 0.312860 0.952022 0.026971 0.040939
0 0.309591 0.783416 0.013894 0.031243
0 0.355768 0.876607 0.016346 0.028011
0 0.377427 0.893845 0.023702 0.040939
0 0.409710 0.876607 0.019615 0.032321
0 0.425239 0.876607 0.014711 0.028011
0 0.506561 0.892229 0.020433 0.035553
0 0.433821 0.783955 0.022067 0.032321
0 0.064400 0.852367 0.020433 0.029089
0 0.120385 0.891690 0.022884 0.034475
0 0.567586 0.944480 0.015529 0.025856
0 0.638859 0.977391 0.015178 0.026010
0 0.613814 0.921369 0.018214 0.026010
0 0.051452 0.745298 0.028839 0.036014
0 0.103817 0.511204 0.021250 0.042017
0 0.252946 0.597239 0.018973 0.028011
0 0.326182 0.579232 0.022768 0.026010
0 0.508324 0.543217 0.016696 0.036014
0 0.389173 0.486194 0.018214 0.032013
0 0.530333 0.693277 0.022768 0.032013
0 0.561828 0.535714 0.017455 0.031012
0 0.344017 0.648926 0.015937 0.026010
0 0.621910 0.724790 0.018214 0.025010
0 0.691731 0.711785 0.018214 0.023009
0 0.714498 0.679272 0.015178 0.028011
0 0.761931 0.717787 0.018973 0.031012
0 0.698182 0.837335 0.017455 0.028011
0 0.881746 0.600774 0.013964 0.022409
0 0.611366 0.681606 0.017607 0.027211
0 0.741598 0.588635 0.012143 0.021609
0 0.708812 0.440710 0.014571 0.022409
0 0.694241 0.421902 0.015786 0.024810
0 0.741901 0.400560 0.015178 0.024810
0 0.783794 0.330932 0.016393 0.029612
0 0.738866 0.198213 0.020036 0.033613
0 0.654170 0.282246 0.017000 0.033613
0 0.604182 0.323463 0.022262 0.029612
0 0.687866 0.140990 0.016393 0.032813
0 0.594670 0.124583 0.017000 0.027211
0 0.557533 0.343337 0.020036 0.033613
0 0.411921 0.214086 0.020643 0.028011
0 0.391886 0.253701 0.017000 0.027211
0 0.373671 0.266507 0.019428 0.030412
0 0.346654 0.055622 0.018821 0.024810
0 0.415867 0.121649 0.023678 0.035214
0 0.325100 0.243431 0.021857 0.026411
0 0.174833 0.126451 0.033393 0.038415
0 0.149637 0.199280 0.024286 0.033613
0 0.312350 0.346939 0.020643 0.028011
0 0.367296 0.339336 0.023678 0.027211
0 0.542540 0.803455 0.020187 0.039216
0 0.449749 0.285247 0.018062 0.030812
0 0.671987 0.112278 0.019125 0.032213
0 0.129053 0.386555 0.021250 0.039216
0 0.099303 0.280812 0.029750 0.037815