0 0.815252 0.594807 0.018324 0.025664
1 0.802941 0.548007 0.044093 0.120773
0 0.701394 0.577571 0.018324 0.029438
0 0.040292 0.752818 0.022905 0.030193
0 0.099846 0.911333 0.022905 0.024155
0 0.142793 0.876233 0.024050 0.029438
0 0.121606 0.886423 0.020615 0.022645
0 0.174002 0.813582 0.025768 0.027929
0 0.180110 0.981154 0.026914 0.024909
0 0.267436 0.909823 0.027486 0.025664
0 0.335197 0.872459 0.022905 0.027929
0 0.379290 0.934732 0.018324 0.019626
0 0.486944 0.898500 0.019469 0.019626
0 0.333479 0.710548 0.014888 0.021135
0 0.680493 0.816979 0.018324 0.019626
0 0.676771 0.941526 0.017752 0.021135
0 0.745009 0.749421 0.018324 0.024909
0 0.757894 0.690545 0.017752 0.021890
0 0.652530 0.640097 0.017752 0.024155
0 0.619031 0.460321 0.016034 0.026419
0 0.587250 0.507121 0.016606 0.027929
0 0.529605 0.612545 0.018897 0.024909
0 0.510422 0.566123 0.014888 0.016606
0 0.415938 0.608016 0.019469 0.020380
0 0.479500 0.658967 0.019469 0.016606
0 0.421092 0.626510 0.019469 0.021135
0 0.393033 0.688783 0.022905 0.023400
0 0.558809 0.645003 0.017752 0.024909
0 0.603188 0.399180 0.017179 0.033967
0 0.791965 0.360054 0.016034 0.028684
0 0.774786 0.360809 0.022905 0.028684
0 0.592117 0.275513 0.019469 0.031703
0 0.658829 0.103663 0.014316 0.021135
0 0.754744 0.141028 0.017179 0.029438
0 0.490475 0.212988 0.022333 0.029438
0 0.419469 0.218649 0.014316 0.025664
0 0.527124 0.228462 0.016606 0.030193
0 0.334720 0.060386 0.018897 0.031703
0 0.236227 0.227582 0.024623 0.027929
0 0.134585 0.177385 0.020615 0.028684
0 0.147183 0.458937 0.020615 0.024155
0 0.217617 0.440066 0.026341 0.022645
0 0.358484 0.429121 0.017179 0.024909
0 0.321263 0.569143 0.019469 0.027174
0 0.177533 0.602355 0.017179 0.027174
0 0.283660 0.560965 0.017179 0.024909
0 0.100800 0.654438 0.024050 0.031703
0 0.045255 0.223682 0.018324 0.028684
0 0.552606 0.032458 0.018324 0.031703
0 0.058926 0.147803 0.013089 0.024155
0 0.388179 0.331263 0.016579 0.027605
0 0.643631 0.831723 0.014659 0.021394
0 0.590752 0.946630 0.016754 0.020704