0 0.059040 0.892527 0.032397 0.055466
0 0.121321 0.911761 0.032956 0.049204
0 0.130259 0.767728 0.028487 0.054571
0 0.223541 0.895658 0.029604 0.054571
0 0.281632 0.902368 0.028487 0.051888
0 0.411780 0.945757 0.032956 0.054571
0 0.455908 0.884923 0.028487 0.049204
0 0.422952 0.910419 0.028487 0.055466
0 0.344751 0.724936 0.026253 0.048309
0 0.236388 0.626081 0.028487 0.049204
0 0.348382 0.639053 0.029046 0.059045
0 0.415132 0.524990 0.027370 0.043836
0 0.389996 0.661866 0.025136 0.054571
0 0.418763 0.645315 0.024577 0.057255
0 0.320453 0.881344 0.024577 0.056361
0 0.522751 0.934574 0.026253 0.050098
0 0.526102 0.854059 0.029604 0.037574
0 0.513162 0.776674 0.027929 0.040258
0 0.586614 0.756993 0.025136 0.042047
0 0.576001 0.781595 0.036307 0.028628
0 0.524892 0.660822 0.029046 0.039363
0 0.635769 0.786515 0.026253 0.045625
0 0.724024 0.776227 0.025136 0.033995
0 0.632697 0.943520 0.021226 0.044731
0 0.630369 0.971253 0.026625 0.028628
0 0.680548 0.921602 0.025694 0.038468
0 0.695350 0.896105 0.020667 0.033995
0 0.892806 0.988758 0.020109 0.022484
0 0.891410 0.956045 0.020667 0.026838
0 0.887500 0.906394 0.018433 0.022365
0 0.939168 0.781595 0.023460 0.042941
0 0.826895 0.783831 0.015640 0.029522
0 0.842535 0.722550 0.021226 0.030417
0 0.662115 0.621459 0.025694 0.041152
0 0.734730 0.583438 0.023460 0.038468
0 0.690323 0.526182 0.026253 0.040258
0 0.598158 0.614749 0.024019 0.040258
0 0.925669 0.682740 0.020667 0.029522
0 0.718997 0.425986 0.020667 0.031312
0 0.553658 0.427328 0.022902 0.037574
0 0.570416 0.391096 0.019550 0.038468
0 0.449205 0.388859 0.024019 0.046520
0 0.641913 0.385728 0.021784 0.038468
0 0.655878 0.379018 0.017316 0.033995
0 0.610354 0.391096 0.020109 0.036679
0 0.366536 0.546311 0.019550 0.042941
0 0.461214 0.333840 0.020109 0.036679
0 0.220748 0.311922 0.022902 0.050098
0 0.357878 0.373800 0.023460 0.045625
0 0.359554 0.213962 0.017874 0.043836
0 0.425465 0.186676 0.024577 0.042941
0 0.579074 0.201885 0.023460 0.044731
0 0.767965 0.289110 0.020667 0.031312
0 0.749811 0.298503 0.016757 0.035785
0 0.849982 0.355758 0.020109 0.033995
0 0.824567 0.654709 0.017316 0.025944
0 0.801386 0.630107 0.017874 0.023260
0 0.982365 0.697650 0.021226 0.029522
0 0.468507 0.489801 0.022981 0.033356
0 0.638474 0.191511 0.022981 0.033356
0 0.682282 0.125374 0.014363 0.029906
0 0.828070 0.487118 0.020109 0.037957
0 0.731476 0.636838 0.022263 0.034507