0 0.022517 0.771605 0.023821 0.027375
0 0.070770 0.902845 0.025043 0.028986
0 0.131851 0.930623 0.025043 0.029791
0 0.176745 0.898014 0.028097 0.035427
0 0.085124 0.761541 0.035427 0.036232
0 0.199345 0.835212 0.029319 0.032206
0 0.232328 0.733360 0.021989 0.024960
0 0.275695 0.813473 0.020767 0.027375
0 0.350926 0.921363 0.022600 0.024155
0 0.341459 0.954375 0.031762 0.024155
0 0.375664 0.836822 0.021989 0.022544
0 0.413229 0.845276 0.018935 0.023349
0 0.551576 0.924987 0.021989 0.028180
0 0.546995 0.943505 0.028708 0.024960
0 0.579062 0.882314 0.020767 0.028180
0 0.481028 0.823537 0.025043 0.029791
0 0.292289 0.734971 0.016492 0.026570
0 0.603495 0.721685 0.024432 0.030596
0 0.658671 0.965647 0.019546 0.019324
0 0.697457 0.854133 0.022600 0.020129
0 0.644011 0.869834 0.014659 0.025765
0 0.698169 0.787305 0.019546 0.024960
0 0.699696 0.725309 0.017713 0.024960
0 0.655718 0.724504 0.018935 0.023349
0 0.771161 0.906066 0.018935 0.025765
0 0.751004 0.850913 0.018935 0.023349
0 0.885381 0.834004 0.017713 0.021739
0 0.845679 0.932636 0.016492 0.024155
0 0.918060 0.875067 0.013438 0.024960
0 0.910119 0.949141 0.020767 0.023349
0 0.882633 0.898014 0.015881 0.027375
0 0.783377 0.816291 0.018935 0.023349
0 0.815444 0.743425 0.017103 0.019324
0 0.967535 0.761541 0.021989 0.029791
0 0.966924 0.919351 0.014659 0.024960
0 0.876525 0.746779 0.017103 0.026570
0 0.829493 0.691224 0.015881 0.020129
0 0.805060 0.663446 0.015881 0.028986
0 0.700002 0.615539 0.020767 0.028180
0 0.652664 0.628019 0.018935 0.025765
0 0.614489 0.605475 0.018324 0.022544
0 0.990745 0.639694 0.018324 0.034622
0 0.729931 0.541063 0.019546 0.035427
0 0.755891 0.587762 0.021378 0.030596
0 0.868890 0.485507 0.018935 0.024155
0 0.839266 0.593398 0.015881 0.020934
0 0.583033 0.495572 0.017713 0.028180
0 0.627621 0.437198 0.018935 0.027375
0 0.742758 0.392512 0.014659 0.036232
0 0.785515 0.271337 0.015881 0.032206
0 0.677402 0.219002 0.019546 0.032206
0 0.703056 0.138486 0.020767 0.037037
0 0.576314 0.112721 0.020157 0.040258
0 0.880800 0.145330 0.020767 0.037842
0 0.967535 0.165862 0.025654 0.038647
0 0.805977 0.127214 0.015270 0.035427
0 0.772993 0.127617 0.017713 0.037842
0 0.638616 0.094605 0.015270 0.028180
0 0.530605 0.185185 0.015881 0.028986
0 0.453033 0.200081 0.015881 0.029791
0 0.424528 0.074074 0.020767 0.028986
0 0.405594 0.225443 0.020767 0.035427
0 0.388186 0.155797 0.026265 0.039452
0 0.316416 0.100242 0.023211 0.037842
0 0.450793 0.362721 0.020767 0.033011
0 0.492633 0.327697 0.021378 0.033816
0 0.339016 0.367955 0.024432 0.040258
0 0.356118 0.575819 0.024432 0.042673
0 0.482860 0.632179 0.023821 0.036232
0 0.395515 0.536366 0.032373 0.036232
0 0.260222 0.534756 0.024432 0.036232
0 0.371999 0.676865 0.019546 0.028986
0 0.035852 0.584541 0.021989 0.028986
0 0.127168 0.484702 0.023821 0.035427
0 0.265821 0.400966 0.021378 0.038647
0 0.143354 0.253623 0.018324 0.040258
0 0.030050 0.225845 0.023821 0.031401
0 0.234670 0.306763 0.026265 0.037037
0 0.199854 0.356683 0.023821 0.040258
0 0.281091 0.235641 0.016492 0.035427
0 0.161068 0.115271 0.023211 0.034622
0 0.306134 0.055958 0.023821 0.026570
0 0.843856 0.445250 0.018324 0.024155
0 0.173649 0.527577 0.017408 0.032609
0 0.153493 0.508253 0.021073 0.030193