0 0.837444 0.879852 0.018214 0.021008
1 0.871975 0.869348 0.087276 0.046018
1 0.837999 0.196400 0.024914 0.187385
0 0.837999 0.271741 0.021983 0.034773
0 0.203680 0.985061 0.025185 0.028011
0 0.250509 0.835668 0.021250 0.028011
0 0.259560 0.768233 0.025185 0.030086
0 0.313865 0.803507 0.018889 0.023861
0 0.361087 0.768233 0.018889 0.023861
0 0.322129 0.677975 0.024398 0.028011
0 0.342985 0.905696 0.018889 0.026974
0 0.179282 0.686275 0.025185 0.034236
0 0.118287 0.942006 0.025972 0.033198
0 0.426411 0.888578 0.020463 0.023861
0 0.462221 0.903621 0.022824 0.026974
0 0.462614 0.943563 0.020463 0.021786
0 0.545253 0.962237 0.020463 0.023861
0 0.508262 0.858492 0.020463 0.030086
0 0.454875 0.759415 0.024398 0.029049
0 0.470222 0.658263 0.018889 0.028011
0 0.538300 0.713767 0.019676 0.031124
0 0.603231 0.715323 0.020463 0.023861
0 0.643369 0.962755 0.020463 0.020749
0 0.568867 0.828731 0.024893 0.028011
0 0.854121 0.801120 0.019428 0.020808
0 0.683629 0.751945 0.024083 0.031746
0 0.592255 0.576875 0.018417 0.027077
0 0.572421 0.653439 0.019833 0.028945
0 0.622004 0.610489 0.017000 0.028945
0 0.741712 0.769686 0.018417 0.031746
0 0.716921 0.836913 0.022667 0.031746
0 0.773941 0.747744 0.020542 0.036415
0 0.728254 0.692188 0.019833 0.029879
0 0.750212 0.574541 0.021250 0.026144
0 0.701337 0.577342 0.019833 0.024276
0 0.844420 0.549331 0.017000 0.028011
0 0.730379 0.534858 0.018417 0.025210
0 0.557546 0.517585 0.018417 0.028011
0 0.751983 0.422191 0.017708 0.025210
0 0.557546 0.387177 0.021250 0.029879
0 0.533463 0.328354 0.024083 0.031746
0 0.658483 0.431217 0.017708 0.025210
0 0.623775 0.328820 0.019125 0.030812
0 0.730025 0.222378 0.020542 0.032680
0 0.639004 0.239185 0.015583 0.032680
0 0.811837 0.468098 0.022667 0.029879
0 0.930128 0.271397 0.015583 0.037348
0 0.758004 0.063492 0.019833 0.029879
0 0.656713 0.147526 0.018417 0.037348
0 0.572067 0.171802 0.020542 0.035481
0 0.543734 0.182540 0.017708 0.034547
0 0.494859 0.288049 0.014875 0.023343
0 0.448110 0.291783 0.021958 0.030812
0 0.425443 0.203548 0.023375 0.033613
0 0.328756 0.150794 0.019833 0.030812
0 0.363110 0.345005 0.026208 0.049486
0 0.280590 0.400560 0.022667 0.035481
0 0.319902 0.379085 0.023375 0.033613
0 0.380464 0.530812 0.021250 0.032680
0 0.382589 0.507937 0.022667 0.037348
0 0.341152 0.551821 0.021958 0.024276
0 0.475852 0.491597 0.024083 0.023343
0 0.422019 0.500467 0.015583 0.029879
0 0.207396 0.451447 0.025500 0.027077
0 0.150729 0.399160 0.021250 0.030812
0 0.159229 0.517274 0.019833 0.022409
0 0.198896 0.383442 0.022667 0.033613
0 0.236791 0.339558 0.020542 0.031746
0 0.170208 0.293340 0.023375 0.036415
0 0.182604 0.094304 0.022667 0.035481
0 0.251312 0.048086 0.019833 0.030812
0 0.280235 0.528011 0.020542 0.032680