2 0.819181 0.443549 0.073850 0.191136
0 0.114624 0.955571 0.033784 0.055074
0 0.121260 0.862814 0.020512 0.039615
0 0.209037 0.705321 0.029561 0.053142
0 0.168014 0.816919 0.028354 0.056041
0 0.283542 0.737689 0.028958 0.044446
0 0.258506 0.735757 0.030767 0.040581
0 0.342664 0.797111 0.026544 0.055074
0 0.408723 0.805324 0.029561 0.050243
0 0.490468 0.865230 0.025338 0.052176
0 0.506455 0.852186 0.027148 0.051210
0 0.538429 0.818851 0.024735 0.042514
0 0.546272 0.786966 0.028354 0.042514
0 0.358953 0.656044 0.025338 0.037682
0 0.626910 0.865713 0.023528 0.035750
0 0.642897 0.948808 0.025338 0.037682
0 0.683317 0.832862 0.021718 0.035750
0 0.678189 0.857500 0.022321 0.036716
0 0.732485 0.841074 0.019908 0.042514
0 0.765967 0.838659 0.025338 0.041547
0 0.795528 0.844939 0.021718 0.034784
0 0.855856 0.933831 0.019305 0.038649
0 0.821067 0.818368 0.018098 0.033818
0 0.950772 0.807740 0.019305 0.029953
0 0.897382 0.759429 0.023528 0.033818
0 0.879283 0.828514 0.018702 0.040581
0 0.962033 0.545090 0.016892 0.032851
0 0.947253 0.572144 0.016289 0.038649
0 0.887528 0.616107 0.021115 0.029953
0 0.872748 0.630117 0.021718 0.032851
0 0.783462 0.586154 0.019305 0.033818
0 0.759632 0.610793 0.023528 0.034784
0 0.848013 0.519002 0.018098 0.038649
0 0.816039 0.539776 0.020512 0.035750
0 0.611024 0.522867 0.019908 0.030919
0 0.599260 0.539293 0.022925 0.036716
0 0.598958 0.591468 0.027148 0.040581
0 0.544965 0.596782 0.016892 0.035750
0 0.522643 0.549921 0.027751 0.042514
0 0.480413 0.553786 0.018098 0.027054
0 0.446328 0.547988 0.018702 0.030919
0 0.511784 0.731087 0.027751 0.041547
0 0.321046 0.599198 0.028354 0.040581
0 0.363578 0.572627 0.028958 0.045412
0 0.277610 0.604512 0.029561 0.047345
0 0.234777 0.592918 0.025941 0.053142
0 0.241514 0.457969 0.022925 0.043480
0 0.249055 0.404344 0.019908 0.034784
0 0.242117 0.311587 0.028958 0.042514
0 0.284347 0.346371 0.021718 0.042514
0 0.298826 0.307722 0.022925 0.036716
0 0.367298 0.460385 0.029561 0.038649
0 0.372728 0.413040 0.019908 0.032851
0 0.374236 0.322699 0.027751 0.043480
0 0.304255 0.188556 0.015685 0.034784
0 0.392938 0.204981 0.024131 0.040581
0 0.346485 0.206431 0.022925 0.045412
0 0.457388 0.254742 0.018702 0.041547
0 0.476090 0.247012 0.024735 0.041547
0 0.580759 0.361025 0.019305 0.041547
0 0.626609 0.341218 0.024131 0.036716
0 0.682412 0.445086 0.028354 0.045412
0 0.727357 0.386630 0.025338 0.036716
0 0.722229 0.455232 0.017495 0.042514
0 0.757521 0.429627 0.020512 0.035750
0 0.762046 0.392428 0.018702 0.040581
0 0.763855 0.322860 0.021115 0.034784
0 0.772603 0.290008 0.021718 0.040581
0 0.808197 0.272617 0.021718 0.036716
0 0.820262 0.143305 0.018098 0.028020
0 0.794019 0.198862 0.017495 0.032851
0 0.739422 0.087747 0.018098 0.034784
0 0.622084 0.196446 0.024735 0.033818
0 0.414957 0.053929 0.025941 0.036716
0 0.401987 0.277287 0.021718 0.037682
0 0.530084 0.040563 0.018098 0.039615
0 0.511985 0.056506 0.018098 0.036716
0 0.460807 0.500966 0.021115 0.042514
0 0.182091 0.741554 0.021115 0.056041
0 0.965352 0.786966 0.021115 0.038649
0 0.966256 0.743486 0.015685 0.044446
0 0.867318 0.548955 0.015685 0.044446
0 0.286169 0.904161 0.023847 0.054108
0 0.254869 0.893816 0.034777 0.058882