0 0.132119 0.922237 0.034990 0.042514
0 0.193352 0.857983 0.023528 0.051210
0 0.180985 0.693726 0.031371 0.039615
0 0.233470 0.707253 0.038610 0.053142
0 0.198770 0.979929 0.024777 0.040142
0 0.230549 0.923626 0.026931 0.046584
0 0.304341 0.881355 0.024777 0.043133
0 0.366552 0.957269 0.035011 0.053485
0 0.384596 0.807166 0.028009 0.050035
0 0.397253 0.696314 0.027470 0.045721
0 0.435316 0.755837 0.029624 0.038820
0 0.471135 0.710979 0.026931 0.052622
0 0.487563 0.657494 0.021006 0.031919
0 0.444204 0.939585 0.029086 0.038820
0 0.587209 0.959426 0.022084 0.037095
0 0.544119 0.943467 0.024238 0.036232
0 0.662347 0.924920 0.020468 0.040545
0 0.680660 0.953819 0.023700 0.032781
0 0.650767 0.847711 0.025315 0.036232
0 0.725905 0.869709 0.023700 0.038820
0 0.658577 0.696745 0.020468 0.029331
0 0.668541 0.847711 0.018852 0.034507
0 0.828154 0.978405 0.027470 0.030193
0 0.757863 0.798539 0.020468 0.025880
0 0.928069 0.891707 0.019391 0.024155
0 0.854816 0.685962 0.019391 0.038820
0 0.938303 0.700196 0.016159 0.025880
0 0.888750 0.847280 0.020468 0.025017
0 0.987857 0.697320 0.018313 0.032781
0 0.946652 0.531113 0.014543 0.025880
0 0.776985 0.595382 0.021006 0.035369
0 0.744936 0.586324 0.021545 0.032781
0 0.577424 0.563463 0.026931 0.042271
0 0.598430 0.507390 0.028009 0.033644
0 0.489628 0.571227 0.025854 0.031919
0 0.540259 0.716586 0.023700 0.032781
0 0.395638 0.558719 0.024238 0.032781
0 0.367898 0.599264 0.020468 0.034507
0 0.209542 0.594519 0.025854 0.037095
0 0.227048 0.547073 0.024238 0.037095
0 0.272562 0.534564 0.031240 0.039683
0 0.216275 0.347510 0.031779 0.040545
0 0.390251 0.423424 0.025315 0.042271
0 0.317268 0.298769 0.021545 0.039683
0 0.403448 0.363038 0.019391 0.038820
0 0.437381 0.372958 0.026931 0.050035
0 0.478317 0.301789 0.022622 0.038820
0 0.356857 0.262537 0.024238 0.041408
0 0.565305 0.386761 0.025315 0.036232
0 0.626439 0.304377 0.021545 0.038820
0 0.541605 0.255636 0.024238 0.050035
0 0.699243 0.369508 0.021006 0.039683
0 0.733176 0.276771 0.021006 0.035369
0 0.775997 0.311278 0.019391 0.035369
0 0.835246 0.300063 0.021545 0.038820
0 0.881837 0.291005 0.017775 0.031056
0 0.888570 0.276771 0.014004 0.035369
0 0.885069 0.334857 0.014543 0.035369
0 0.774381 0.269295 0.019391 0.028468
0 0.683354 0.225730 0.016159 0.036232
0 0.562701 0.206320 0.026931 0.047447
0 0.826897 0.049603 0.019929 0.033644
0 0.768995 0.088423 0.019391 0.042271
0 0.736139 0.069013 0.022622 0.037957
0 0.816125 0.150104 0.021006 0.037957
0 0.599059 0.125086 0.016697 0.029331
0 0.392406 0.069013 0.024238 0.041408
0 0.395368 0.264406 0.020468 0.033644
0 0.595896 0.437151 0.023066 0.036942
0 0.036401 0.932320 0.031937 0.049730
0 0.088743 0.958606 0.026614 0.045467