0 0.757080 0.535548 0.018821 0.028011
1 0.737651 0.487929 0.058893 0.123249
0 0.870514 0.340269 0.016393 0.034414
0 0.026286 0.964119 0.018821 0.033613
0 0.039947 0.949713 0.018214 0.036815
0 0.102179 0.915299 0.020036 0.032013
0 0.273999 0.750834 0.016393 0.028011
0 0.225732 0.791650 0.018214 0.026411
0 0.282499 0.926504 0.018821 0.030412
0 0.217839 0.960518 0.026714 0.034414
0 0.329249 0.789249 0.023678 0.037615
0 0.365070 0.854075 0.021250 0.031212
0 0.387534 0.851274 0.020036 0.030412
0 0.383588 0.951714 0.015786 0.028011
0 0.424873 0.964919 0.019428 0.027211
0 0.457659 0.862078 0.018214 0.026411
0 0.562087 0.985661 0.019428 0.028678
0 0.632009 0.798053 0.017607 0.034414
0 0.693330 0.770842 0.020036 0.031212
0 0.571599 0.894891 0.020643 0.026411
0 0.635247 0.898093 0.022464 0.028011
0 0.755764 0.792850 0.017000 0.022409
0 0.798568 0.789649 0.018821 0.025610
0 0.881847 0.965720 0.015786 0.025610
0 0.914329 0.876484 0.017607 0.024810
0 0.894901 0.809657 0.018821 0.024010
0 0.919490 0.773243 0.015786 0.034414
0 0.953489 0.825263 0.021857 0.031212
0 0.871526 0.729225 0.019428 0.024810
0 0.708812 0.658663 0.021857 0.033613
0 0.642938 0.637055 0.017607 0.032013
0 0.621991 0.635454 0.020643 0.028812
0 0.670259 0.587835 0.018821 0.031212
0 0.548831 0.660264 0.020036 0.033613
0 0.810812 0.658663 0.019428 0.027211
0 0.848151 0.575430 0.015178 0.033613
0 0.950454 0.533413 0.024286 0.031212
0 0.906740 0.505802 0.017000 0.028812
0 0.574027 0.613045 0.015786 0.028812
0 0.569474 0.587435 0.017607 0.027211
0 0.554902 0.468587 0.018821 0.026411
0 0.631098 0.402161 0.019428 0.032813
0 0.706991 0.382153 0.020643 0.034414
0 0.735830 0.364946 0.022464 0.032013
0 0.931632 0.306256 0.018214 0.033613
0 0.562492 0.310257 0.021857 0.033613
0 0.647491 0.222622 0.020643 0.031212
0 0.859079 0.221689 0.033393 0.040016
0 0.701830 0.224890 0.013964 0.028812
0 0.739776 0.178471 0.013357 0.027211
0 0.638384 0.133653 0.024286 0.032013
0 0.595884 0.162065 0.017000 0.032813
0 0.868490 0.161265 0.020643 0.029612
0 0.895508 0.022809 0.018821 0.024810
0 0.702741 0.053621 0.020643 0.033613
0 0.533248 0.186475 0.017607 0.032013
0 0.480730 0.125250 0.018214 0.029612
0 0.392088 0.097239 0.020643 0.031212
0 0.523230 0.377751 0.015786 0.028812
0 0.467980 0.363345 0.017000 0.025610
0 0.483462 0.460718 0.020036 0.033613
0 0.448855 0.453115 0.027321 0.023209
0 0.377213 0.500333 0.021250 0.037615
0 0.430338 0.553021 0.020643 0.033613
0 0.504409 0.688275 0.019428 0.032013
0 0.512605 0.865946 0.017607 0.022409
0 0.511087 0.892357 0.020643 0.020808
0 0.512909 0.948780 0.020643 0.024810
0 0.209137 0.614246 0.018214 0.026411
0 0.235851 0.499533 0.020643 0.028011
0 0.255886 0.424703 0.019428 0.025610
0 0.237672 0.220622 0.020643 0.030412
0 0.164208 0.296652 0.023071 0.035214
0 0.105012 0.309457 0.023678 0.041617
0 0.123226 0.273043 0.017607 0.032813
0 0.303547 0.256236 0.023678 0.036014
0 0.269850 0.140456 0.021857 0.036014
0 0.055429 0.136455 0.024893 0.037615
0 0.117661 0.585167 0.020643 0.036014
0 0.041465 0.556756 0.027321 0.030412
0 0.232410 0.569561 0.020643 0.030412
0 0.282803 0.450313 0.020643 0.035214
0 0.309011 0.718021 0.016393 0.029612
0 0.804186 0.952900 0.023611 0.025936
0 0.741224 0.941488 0.026759 0.032161
0 0.673932 0.857454 0.021250 0.032161
0 0.520461 0.560916 0.019676 0.024899
0 0.144495 0.546039 0.022884 0.035553
0 0.532851 0.505997 0.020433 0.028011