0 0.982686 0.917552 0.016858 0.028986
1 0.985985 0.869243 0.026387 0.129469
0 0.120840 0.766345 0.026387 0.029952
0 0.231162 0.926616 0.019371 0.024845
0 0.272784 0.922475 0.018848 0.024845
0 0.215456 0.785484 0.017277 0.020014
0 0.280114 0.765470 0.016754 0.024155
0 0.312050 0.774442 0.015706 0.024155
0 0.184828 0.931447 0.012565 0.020704
0 0.104202 0.963883 0.016754 0.022084
0 0.321387 0.965263 0.018324 0.020704
0 0.259870 0.968714 0.020942 0.026225
0 0.367721 0.856913 0.017801 0.028986
0 0.426620 0.787210 0.015183 0.019324
0 0.475310 0.914194 0.016230 0.024845
0 0.339537 0.937313 0.023560 0.024155
0 0.442675 0.946285 0.018324 0.014493
0 0.577925 0.947665 0.014136 0.021394
0 0.651746 0.975270 0.013089 0.020014
0 0.522167 0.882448 0.017801 0.024845
0 0.715444 0.834829 0.014136 0.020704
0 0.726177 0.903152 0.014659 0.020704
0 0.760731 0.880032 0.014659 0.021394
0 0.810468 0.901771 0.013612 0.019324
0 0.839176 0.799287 0.016230 0.013112
0 0.977130 0.788590 0.015706 0.019324
0 0.862735 0.757879 0.015183 0.018634
0 0.660646 0.773867 0.016230 0.016563
0 0.691535 0.700713 0.017277 0.019324
0 0.713001 0.696572 0.013089 0.016563
0 0.789962 0.672073 0.010995 0.014493
0 0.886033 0.648953 0.013612 0.017943
0 0.931582 0.575454 0.014659 0.020014
0 0.644678 0.296986 0.019895 0.020704
0 0.870065 0.347366 0.012042 0.016563
0 0.813260 0.303313 0.016754 0.021394
0 0.816401 0.061192 0.016754 0.026225
0 0.501487 0.265125 0.019371 0.025535
0 0.392066 0.172303 0.015183 0.020704
0 0.376621 0.255118 0.017801 0.015183
0 0.279503 0.210260 0.021465 0.024845
0 0.347303 0.255118 0.011518 0.020704
0 0.389186 0.472050 0.017801 0.019324
0 0.495728 0.404762 0.017277 0.029676
0 0.540230 0.363009 0.018324 0.030366
0 0.571643 0.528755 0.020418 0.024155
0 0.397825 0.588107 0.019371 0.025535
0 0.366150 0.567748 0.016754 0.019324
0 0.244164 0.600529 0.020942 0.028295
0 0.315104 0.685300 0.017277 0.023464
0 0.157342 0.254428 0.023560 0.022084
0 0.026891 0.163101 0.019895 0.028986
0 0.135789 0.083621 0.017801 0.028295
0 0.213798 0.076029 0.023036 0.028295
0 0.338228 0.041178 0.016754 0.031746
0 0.408383 0.027030 0.021989 0.024155
0 0.573737 0.824362 0.019371 0.022774
0 0.569549 0.739476 0.012042 0.017253
0 0.556198 0.638486 0.016754 0.022774
0 0.805942 0.583262 0.020828 0.026996
0 0.632356 0.468906 0.024432 0.029906