0 0.274845 0.856370 0.031839 0.046967
0 0.236304 0.984210 0.028487 0.031580
0 0.198600 0.775183 0.033514 0.061728
0 0.173883 0.571882 0.025974 0.049651
0 0.247196 0.452451 0.040217 0.049651
0 0.277778 0.633611 0.031001 0.052335
0 0.316738 0.823493 0.040217 0.050993
0 0.371618 0.760422 0.025974 0.048309
0 0.395916 0.848989 0.029325 0.059045
0 0.443256 0.775854 0.030163 0.041600
0 0.396335 0.630256 0.030163 0.045625
0 0.400106 0.558463 0.025974 0.046967
0 0.461368 0.638251 0.028278 0.039251
0 0.479905 0.754999 0.032677 0.049316
0 0.542431 0.778147 0.024507 0.041264
0 0.616896 0.819914 0.030163 0.044283
0 0.577935 0.970880 0.025136 0.036232
0 0.635643 0.680522 0.024507 0.045290
0 0.779860 0.849604 0.023879 0.031200
0 0.775147 0.796263 0.023251 0.035225
0 0.790543 0.761037 0.018852 0.029187
0 0.764779 0.980442 0.022622 0.035225
0 0.919678 0.788211 0.024507 0.037238
0 0.895171 0.886339 0.019480 0.036232
0 0.782374 0.587929 0.020109 0.033213
0 0.855582 0.573336 0.025764 0.038245
0 0.939159 0.712225 0.018224 0.030193
0 0.761637 0.435454 0.021365 0.040258
0 0.805939 0.356951 0.020737 0.044283
0 0.774833 0.308642 0.020109 0.040258
0 0.700996 0.300590 0.019480 0.036232
0 0.644441 0.381609 0.023251 0.037238
0 0.572803 0.394693 0.020737 0.043277
0 0.595426 0.398718 0.023251 0.039251
0 0.521275 0.339338 0.023251 0.035225
0 0.570918 0.478731 0.023251 0.038245
0 0.733359 0.435454 0.020109 0.034219
0 0.939473 0.486782 0.017595 0.030193
0 0.844271 0.250268 0.021994 0.036232
0 0.779860 0.196927 0.022622 0.030193
0 0.706338 0.209004 0.020109 0.042271
0 0.691256 0.236178 0.025136 0.036232
0 0.636586 0.285494 0.025136 0.032206
0 0.855268 0.382112 0.015082 0.026167
0 0.716706 0.089573 0.018224 0.038245
0 0.606423 0.048309 0.022622 0.032206
0 0.570604 0.171095 0.020109 0.034219
0 0.553952 0.196759 0.016967 0.031200
0 0.533843 0.217391 0.020737 0.032206
0 0.512792 0.241546 0.020109 0.032206
0 0.513420 0.099134 0.021365 0.037238
0 0.421674 0.083535 0.020109 0.032206
0 0.411934 0.377919 0.023251 0.037238
0 0.356321 0.380938 0.022622 0.037238
0 0.347209 0.392009 0.023251 0.039251
0 0.449323 0.268720 0.025136 0.036232
0 0.622133 0.185185 0.023879 0.036232
0 0.449323 0.525362 0.027649 0.040258
0 0.491112 0.549014 0.019480 0.033213
0 0.290653 0.570317 0.021994 0.028180
0 0.285940 0.463131 0.022622 0.047303
0 0.233888 0.259662 0.024507 0.048309
0 0.265622 0.286836 0.023879 0.046296
0 0.331604 0.149457 0.025136 0.055354
0 0.858096 0.516640 0.023251 0.044283