0 0.176921 0.948750 0.025185 0.028011
0 0.224930 0.935263 0.026759 0.030086
0 0.268611 0.929557 0.022824 0.031124
0 0.145047 0.745928 0.022824 0.020749
0 0.249328 0.702874 0.022037 0.028011
0 0.319374 0.714286 0.023611 0.023861
0 0.388240 0.788464 0.018102 0.029049
0 0.309536 0.839299 0.024398 0.022824
0 0.306782 0.809213 0.017315 0.024899
0 0.412244 0.981948 0.020463 0.028011
0 0.475994 0.960162 0.022037 0.025936
0 0.542629 0.795726 0.020463 0.026974
0 0.589851 0.770308 0.020463 0.030086
0 0.492259 0.891171 0.022037 0.026974
0 0.673277 0.978836 0.022037 0.028011
0 0.664226 0.793132 0.021250 0.030086
0 0.646911 0.809213 0.022824 0.026974
0 0.799464 0.897915 0.020463 0.028011
0 0.679966 0.735035 0.019676 0.032161
0 0.766540 0.764602 0.021250 0.035273
0 0.805105 0.737110 0.018102 0.025936
0 0.725221 0.704430 0.017315 0.026974
0 0.893646 0.984542 0.018889 0.026974
0 0.687914 0.900320 0.021250 0.027162
0 0.860810 0.577484 0.016742 0.025465
0 0.839239 0.645390 0.018674 0.022069
0 0.660868 0.508587 0.018674 0.031407
0 0.606456 0.627847 0.016742 0.035651
0 0.838273 0.399230 0.021894 0.039046
0 0.777743 0.156467 0.016742 0.032255
0 0.650243 0.301333 0.018030 0.028860
0 0.638009 0.234276 0.021894 0.032255
0 0.615149 0.437993 0.016098 0.027162
0 0.797383 0.232578 0.018674 0.037348
0 0.850507 0.212206 0.020606 0.030558
0 0.574259 0.162125 0.021894 0.032255
0 0.553653 0.174009 0.020606 0.028860
0 0.474449 0.207113 0.023182 0.030558
0 0.399752 0.106952 0.018030 0.027162
0 0.292537 0.103132 0.022538 0.034802
0 0.258087 0.056022 0.015454 0.033953
0 0.229109 0.085307 0.024470 0.038197
0 0.310245 0.270492 0.020606 0.033953
0 0.244886 0.326939 0.021250 0.034802
0 0.348238 0.372351 0.023182 0.037348
0 0.396533 0.332032 0.023182 0.036499
0 0.428408 0.312933 0.018674 0.037348
0 0.470585 0.393996 0.021894 0.041592
0 0.549145 0.385083 0.024470 0.028860
0 0.592289 0.375746 0.019318 0.037348
0 0.478313 0.456385 0.021894 0.025465
0 0.386230 0.537447 0.020606 0.028011
0 0.412631 0.608324 0.019318 0.023767
0 0.421968 0.598563 0.022538 0.028011
0 0.453199 0.602807 0.023182 0.031407
0 0.486040 0.648219 0.020606 0.032255
0 0.524032 0.651614 0.021894 0.028860
0 0.553653 0.558244 0.021894 0.032255
0 0.348238 0.670713 0.019318 0.029709
0 0.370775 0.668166 0.024470 0.031407
0 0.150657 0.168067 0.025113 0.037348
0 0.128119 0.352262 0.021250 0.035651
0 0.154520 0.479586 0.019962 0.039046
0 0.149047 0.574654 0.020606 0.028860
0 0.255296 0.546784 0.016742 0.031407
0 0.380864 0.429222 0.018030 0.035651
0 0.538521 0.624027 0.019962 0.038197
0 0.528196 0.468487 0.027625 0.035014
0 0.936371 0.714519 0.020187 0.032213
0 0.692099 0.562063 0.020606 0.043290
0 0.815091 0.155759 0.021894 0.041592
0 0.921984 0.102283 0.021894 0.036499