0 0.204977 0.846462 0.031835 0.047865
0 0.306328 0.970806 0.029236 0.048905
0 0.309901 0.920340 0.022089 0.035378
0 0.348883 0.880279 0.028586 0.040581
0 0.343685 0.734083 0.024688 0.047865
0 0.197830 0.625346 0.033134 0.048905
0 0.154626 0.645117 0.028586 0.048905
0 0.461712 0.903171 0.025988 0.038500
0 0.398042 0.711711 0.028586 0.042662
0 0.512063 0.773624 0.022739 0.039541
0 0.470483 0.857387 0.025338 0.044743
0 0.294092 0.715874 0.028586 0.034338
0 0.604210 0.849583 0.028586 0.031216
0 0.563604 0.696624 0.026637 0.043703
0 0.604210 0.701306 0.031185 0.050987
0 0.670153 0.753853 0.024038 0.045784
0 0.743243 0.771543 0.028586 0.039541
0 0.847951 0.947394 0.024038 0.037459
0 0.892455 0.715353 0.024688 0.039541
0 0.734256 0.920340 0.020140 0.037459
0 0.978863 0.853745 0.025988 0.035378
0 0.946379 0.717955 0.018191 0.032257
0 0.934685 0.671130 0.023389 0.040581
0 0.802798 0.729921 0.020790 0.035378
0 0.982762 0.579563 0.019491 0.032257
0 0.820989 0.508979 0.022089 0.035378
0 0.914544 0.438743 0.027287 0.048905
0 0.795327 0.426256 0.026637 0.044743
0 0.729492 0.478283 0.020140 0.040581
0 0.652179 0.385155 0.027937 0.035378
0 0.616771 0.407006 0.019491 0.037459
0 0.611898 0.504817 0.027937 0.054108
0 0.518343 0.375790 0.024038 0.052027
0 0.454673 0.401283 0.022739 0.042662
0 0.474489 0.603148 0.027287 0.040581
0 0.512821 0.632804 0.031185 0.027054
0 0.406488 0.637486 0.025988 0.034338
0 0.356137 0.479324 0.029236 0.040581
0 0.347367 0.506378 0.025988 0.038500
0 0.418832 0.457472 0.028586 0.038500
0 0.273086 0.472040 0.027287 0.040581
0 0.175632 0.460941 0.024688 0.046824
0 0.377036 0.293067 0.022089 0.042662
0 0.257818 0.280580 0.021440 0.044743
0 0.453266 0.258209 0.020790 0.039541
0 0.552668 0.342493 0.024688 0.041622
0 0.558299 0.305900 0.020790 0.040581
0 0.604102 0.222657 0.018841 0.044743
0 0.541082 0.226819 0.021440 0.040581
0 0.475139 0.140454 0.018191 0.032257
0 0.656943 0.240866 0.021440 0.047865
0 0.638427 0.114961 0.015593 0.045784
0 0.690402 0.227339 0.028586 0.043703
0 0.805072 0.381339 0.022739 0.029135
0 0.854773 0.268441 0.019491 0.042662
0 0.917143 0.247630 0.020790 0.040581
0 0.757753 0.046632 0.022089 0.039541
0 0.718122 0.080970 0.018191 0.037459
0 0.535126 0.021755 0.016892 0.043510
0 0.448068 0.076287 0.023389 0.040581
0 0.404972 0.053916 0.023389 0.037459
0 0.202703 0.756455 0.027287 0.046824
0 0.085109 0.927624 0.029886 0.056189
0 0.525923 0.709630 0.020140 0.038500
0 0.720937 0.605576 0.019491 0.030176