0 0.618102 0.542410 0.026182 0.036523
0 0.156243 0.964775 0.026393 0.051932
0 0.172456 0.892915 0.028655 0.053140
0 0.204881 0.612721 0.024130 0.048309
0 0.281043 0.684581 0.034687 0.047101
0 0.221094 0.727456 0.032425 0.055556
0 0.365876 0.596417 0.024885 0.051932
0 0.468431 0.824678 0.024885 0.049517
0 0.411498 0.881441 0.027147 0.054348
0 0.444677 0.882045 0.021114 0.041063
0 0.453726 0.621779 0.021114 0.039855
0 0.420924 0.714775 0.027901 0.054348
0 0.525866 0.796296 0.025639 0.045894
0 0.600143 0.776369 0.026393 0.042271
0 0.678190 0.865137 0.025639 0.045894
0 0.431607 0.499799 0.027147 0.047101
0 0.479868 0.529388 0.027147 0.041063
0 0.608060 0.619364 0.024130 0.044686
0 0.637092 0.725644 0.021868 0.027778
0 0.554144 0.944847 0.024885 0.041063
0 0.556406 0.978060 0.026393 0.030193
0 0.775717 0.722625 0.019606 0.031401
0 0.702571 0.757045 0.024130 0.039855
0 0.800224 0.909219 0.021868 0.030193
0 0.830010 0.904992 0.019606 0.038647
0 0.729718 0.978663 0.024130 0.033816
0 0.883927 0.938808 0.021868 0.033816
0 0.911073 0.754630 0.020360 0.039855
0 0.879025 0.850644 0.018098 0.036232
0 0.857157 0.707528 0.022622 0.032609
0 0.729341 0.705918 0.020360 0.035024
0 0.840944 0.534823 0.020360 0.037440
0 0.834535 0.435789 0.016590 0.037440
0 0.697293 0.459944 0.022622 0.042271
0 0.725571 0.432166 0.023376 0.037440
0 0.748193 0.506441 0.021868 0.041063
0 0.773454 0.453301 0.021114 0.043478
0 0.606050 0.371176 0.021114 0.038647
0 0.543838 0.488929 0.026393 0.049517
0 0.887320 0.352657 0.016590 0.033816
0 0.882796 0.298712 0.016590 0.043478
0 0.937843 0.269324 0.016590 0.031401
0 0.802863 0.184179 0.021114 0.035024
0 0.830010 0.239130 0.019606 0.033816
0 0.695408 0.200483 0.018852 0.033816
0 0.725571 0.143116 0.017344 0.032609
0 0.588329 0.094203 0.015836 0.038647
0 0.538183 0.132850 0.022622 0.038647
0 0.498594 0.186594 0.023376 0.044686
0 0.496709 0.266304 0.022622 0.037440
0 0.528003 0.257246 0.038458 0.055556
0 0.419541 0.150362 0.027147 0.049517
0 0.415017 0.266908 0.021114 0.041063
0 0.320003 0.105072 0.019606 0.045894
0 0.303791 0.224034 0.026393 0.044686
0 0.321889 0.399758 0.018852 0.041063
0 0.279660 0.367754 0.027901 0.049517
0 0.485774 0.488124 0.018852 0.035024
0 0.565581 0.649557 0.025639 0.056763
0 0.732609 0.560386 0.017344 0.033816