0 0.285956 0.910368 0.024936 0.047667
0 0.248509 0.730197 0.030163 0.044859
0 0.294471 0.731922 0.027290 0.050610
0 0.368802 0.715244 0.028009 0.054060
0 0.307758 0.904455 0.026572 0.052910
0 0.430205 0.868798 0.031599 0.050610
0 0.499867 0.902155 0.038781 0.039107
0 0.344743 0.569166 0.022981 0.044859
0 0.370956 0.546162 0.022263 0.040258
0 0.493883 0.697416 0.025854 0.052910
0 0.513991 0.633579 0.028727 0.049459
0 0.423143 0.580669 0.023700 0.044859
0 0.582935 0.676137 0.022981 0.047159
0 0.603044 0.767004 0.028727 0.044859
0 0.583295 0.908481 0.025136 0.042558
0 0.753500 0.892378 0.028009 0.037957
0 0.675579 0.717545 0.021545 0.035657
0 0.795154 0.767387 0.025136 0.037957
0 0.851171 0.815697 0.030881 0.031056
0 0.900366 0.824323 0.020109 0.036807
0 0.907547 0.735756 0.022981 0.039107
0 0.756014 0.705851 0.018672 0.034507
0 0.742010 0.564949 0.025136 0.042558
0 0.789409 0.523158 0.020827 0.033356
0 0.819931 0.416187 0.017236 0.040258
0 0.761520 0.396059 0.017236 0.034507
0 0.636200 0.209340 0.026572 0.036807
0 0.668876 0.173108 0.021545 0.035657
0 0.631172 0.303083 0.019391 0.035657
0 0.511957 0.216433 0.016518 0.037957
0 0.644818 0.469481 0.019391 0.033356
0 0.610705 0.472356 0.022981 0.041408
0 0.591673 0.514339 0.020827 0.035657
0 0.677853 0.803428 0.017954 0.040258
0 0.432599 0.756844 0.028727 0.032206
0 0.232470 0.471973 0.031599 0.039107
0 0.460488 0.432290 0.029445 0.044859
0 0.323318 0.448394 0.019391 0.042558
0 0.313982 0.308067 0.020827 0.035657
0 0.446962 0.319377 0.020109 0.039107
0 0.575155 0.316502 0.019391 0.047159
0 0.463480 0.194387 0.021545 0.043708
0 0.342110 0.120198 0.022981 0.058661
0 0.543436 0.046009 0.025854 0.048309
0 0.783663 0.197838 0.020827 0.032206
0 0.769659 0.550380 0.018672 0.037957
0 0.822803 0.349475 0.017236 0.033356