0 0.520595 0.690165 0.023375 0.025210
1 0.480929 0.676159 0.104124 0.056956
0 0.548928 0.578120 0.022667 0.034547
0 0.034656 0.715735 0.027845 0.036704
0 0.083018 0.686275 0.024181 0.035738
0 0.118190 0.963972 0.031508 0.036704
0 0.174246 0.927267 0.033707 0.032841
0 0.233721 0.784314 0.022715 0.034773
0 0.337772 0.710905 0.027112 0.027045
0 0.360121 0.704144 0.020517 0.032841
0 0.316889 0.736019 0.021983 0.030909
0 0.358656 0.835990 0.023448 0.031875
0 0.324582 0.921472 0.027112 0.030909
0 0.349130 0.960108 0.030776 0.027045
0 0.423871 0.812325 0.021983 0.028977
0 0.467836 0.936444 0.016121 0.020284
0 0.517541 0.777552 0.022715 0.030909
0 0.476873 0.783831 0.014655 0.031875
0 0.568834 0.751473 0.019784 0.034773
0 0.623791 0.735053 0.019784 0.028977
0 0.616829 0.856274 0.019052 0.029943
0 0.680579 0.822950 0.020517 0.030909
0 0.581657 0.948034 0.019052 0.024148
0 0.551981 0.974597 0.016853 0.025113
0 0.520839 0.975563 0.020517 0.027045
0 0.778157 0.719115 0.019784 0.022216
0 0.753977 0.824882 0.018319 0.023182
0 0.731261 0.875109 0.016853 0.027045
0 0.835557 0.812808 0.018319 0.031875
0 0.857539 0.756303 0.016853 0.032841
0 0.846615 0.952142 0.016346 0.024420
0 0.790765 0.948191 0.019070 0.026575
0 0.905460 0.969020 0.016346 0.029448
0 0.939787 0.930594 0.019615 0.030166
0 0.909365 0.779406 0.012532 0.026575
0 0.941513 0.761091 0.019070 0.028729
0 0.715937 0.731643 0.022340 0.031602
0 0.695777 0.616007 0.019070 0.030166
0 0.824638 0.660179 0.017436 0.029448
0 0.895471 0.628576 0.018526 0.029448
0 0.867683 0.543465 0.020705 0.028729
0 0.836353 0.514018 0.016891 0.024420
0 0.754895 0.506835 0.017436 0.025856
0 0.714575 0.494984 0.015256 0.023702
0 0.956496 0.483133 0.017436 0.031602
0 0.933067 0.494266 0.022884 0.040939
0 0.735825 0.365822 0.021795 0.034475
0 0.675072 0.374799 0.019070 0.032321
0 0.643742 0.376954 0.017436 0.033757
0 0.763613 0.323805 0.017436 0.028011
0 0.838532 0.257607 0.017981 0.037348
0 0.787860 0.261558 0.020160 0.035194
0 0.930797 0.071584 0.025609 0.038785
0 0.773602 0.054945 0.020705 0.038067
0 0.653459 0.033757 0.019070 0.035912
0 0.538855 0.132155 0.017981 0.043094
0 0.435784 0.032680 0.018526 0.030884
0 0.388925 0.081520 0.017436 0.036630
0 0.434694 0.191769 0.018526 0.035912
0 0.393556 0.240609 0.019070 0.027293
0 0.477738 0.250305 0.021795 0.028011
0 0.448588 0.331107 0.017981 0.031602
0 0.413171 0.334698 0.019070 0.028729
0 0.374486 0.305969 0.017981 0.028729
0 0.492450 0.332543 0.020705 0.035912
0 0.569276 0.379947 0.019615 0.030166
0 0.595158 0.415140 0.017981 0.037348
0 0.508523 0.514018 0.020160 0.027293
0 0.483732 0.556034 0.020705 0.020829
0 0.448588 0.576145 0.020160 0.025138
0 0.385474 0.673107 0.023974 0.035194
0 0.286853 0.635399 0.022884 0.025856
0 0.259882 0.697886 0.025609 0.033039
0 0.394192 0.644018 0.017436 0.031602
0 0.371307 0.530417 0.013077 0.033757
0 0.299385 0.400417 0.021795 0.029448
0 0.238904 0.363068 0.027243 0.029448
0 0.226372 0.498097 0.028333 0.022265
0 0.209754 0.310637 0.016891 0.029448
0 0.321724 0.082597 0.025064 0.038785
0 0.137195 0.025856 0.025064 0.037348
0 0.058462 0.128564 0.017981 0.035912
0 0.102324 0.264790 0.018526 0.037348
0 0.109952 0.219541 0.016346 0.038785
0 0.171250 0.270176 0.023429 0.029448
0 0.101325 0.395748 0.016891 0.033039
0 0.067816 0.556274 0.026154 0.025138
0 0.025588 0.563097 0.021250 0.028729
0 0.165619 0.544543 0.021250 0.035194
0 0.242718 0.585123 0.021795 0.037348
0 0.437102 0.946601 0.023274 0.021342
0 0.894986 0.865235 0.022262 0.029345
0 0.309612 0.240263 0.015937 0.035014
0 0.325550 0.249266 0.017455 0.035014
0 0.275081 0.147226 0.019732 0.035014
0 0.155677 0.672269 0.016696 0.030012