0 0.210805 0.659267 0.030881 0.056361
0 0.281185 0.544820 0.023700 0.057511
0 0.295190 0.846177 0.034472 0.048309
0 0.340793 0.935319 0.038063 0.044859
0 0.216550 0.877233 0.025136 0.041408
0 0.245636 0.920942 0.033036 0.036807
0 0.284417 0.933594 0.027290 0.048309
0 0.391424 0.977724 0.028727 0.044552
0 0.366288 0.778315 0.024418 0.055210
0 0.483350 0.856529 0.025854 0.050610
0 0.407583 0.658692 0.025136 0.050610
0 0.493763 0.716778 0.029445 0.042558
0 0.535058 0.685147 0.024418 0.052910
0 0.600770 0.665593 0.025136 0.046009
0 0.522490 0.961774 0.026572 0.033356
0 0.471141 0.928418 0.027290 0.042558
0 0.648169 0.633387 0.026572 0.034507
0 0.789289 0.583353 0.025854 0.042558
0 0.754099 0.860555 0.030163 0.040258
0 0.768462 0.982325 0.033036 0.035350
0 0.836329 0.848478 0.022263 0.034507
0 0.972541 0.848478 0.019391 0.039107
0 0.990855 0.935895 0.017236 0.034507
0 0.891748 0.965800 0.025854 0.034507
0 0.925142 0.842152 0.019391 0.035657
0 0.952074 0.745533 0.021545 0.031056
0 0.796231 0.864581 0.027290 0.036807
0 0.622435 0.918066 0.024418 0.044859
0 0.991118 0.523541 0.017763 0.037957
0 0.827831 0.457979 0.020109 0.040258
0 0.729083 0.457979 0.029445 0.037957
0 0.914370 0.695499 0.025136 0.025305
0 0.919397 0.651791 0.025136 0.032206
0 0.875589 0.809370 0.019391 0.034507
0 0.615253 0.512614 0.022981 0.034507
0 0.539486 0.487309 0.025136 0.034507
0 0.468747 0.434974 0.025854 0.037957
0 0.643980 0.475232 0.020109 0.037957
0 0.620998 0.468906 0.012927 0.029906
0 0.981159 0.381681 0.019391 0.035657
0 0.964282 0.389732 0.012927 0.026455
0 0.766427 0.231577 0.020827 0.027605
0 0.824958 0.346024 0.018672 0.033356
0 0.861944 0.291964 0.013645 0.033356
0 0.778277 0.401810 0.020109 0.027605
0 0.776123 0.502454 0.017236 0.026455
0 0.645416 0.335097 0.021545 0.034507
0 0.563904 0.323595 0.019391 0.027605
0 0.543795 0.300590 0.025136 0.041408
0 0.521532 0.371329 0.020827 0.037957
0 0.662652 0.138026 0.018672 0.027605
0 0.615253 0.124224 0.020109 0.032206
0 0.577549 0.122498 0.022263 0.033356
0 0.676656 0.046009 0.019391 0.036807
0 0.540923 0.183460 0.025136 0.035657
0 0.399922 0.129975 0.022263 0.039107
0 0.297943 0.162756 0.022263 0.040258
0 0.301174 0.446860 0.021545 0.037957
0 0.267420 0.473315 0.022981 0.040258
0 0.311229 0.345641 0.025854 0.044859
0 0.387354 0.236370 0.018672 0.040258
0 0.421826 0.496894 0.025854 0.041408
0 0.570008 0.862281 0.017236 0.034507
0 0.507528 0.755310 0.020109 0.032206
0 0.688147 0.832950 0.022263 0.037957
0 0.735905 0.559198 0.017236 0.031056
0 0.777559 0.793843 0.021545 0.028755
0 0.850094 0.512039 0.021545 0.026455
0 0.766786 0.436125 0.020109 0.031056
0 0.844708 0.371904 0.016518 0.029906
0 0.332774 0.766812 0.028727 0.041408
0 0.155865 0.717928 0.031599 0.054060
0 0.893407 0.535003 0.015082 0.036868
0 0.670491 0.911942 0.020638 0.035596