0 0.079845 0.769060 0.020852 0.024988
0 0.149667 0.861930 0.027802 0.030818
0 0.143032 0.894830 0.024643 0.024988
0 0.115862 0.988645 0.023379 0.022710
0 0.213485 0.829863 0.017692 0.029985
0 0.239392 0.807374 0.022747 0.033317
0 0.277304 0.928980 0.022747 0.019990
0 0.232757 0.964795 0.020852 0.028319
0 0.343334 0.891915 0.017060 0.024155
0 0.362922 0.820284 0.020852 0.022489
0 0.343966 0.729913 0.019588 0.024988
0 0.295944 0.690349 0.019588 0.020823
0 0.412629 0.841940 0.017060 0.020823
0 0.445802 0.805292 0.018956 0.025820
0 0.444538 0.865262 0.020220 0.022489
0 0.478343 0.769476 0.019588 0.022489
0 0.493192 0.871092 0.016429 0.025820
0 0.587340 0.793215 0.030330 0.024988
0 0.575967 0.744905 0.022747 0.021656
0 0.577546 0.913155 0.015797 0.018324
0 0.684016 0.955217 0.018956 0.015825
0 0.688755 0.875257 0.019588 0.019157
0 0.731406 0.811539 0.017692 0.021656
0 0.751626 0.776973 0.015165 0.022489
0 0.692862 0.674940 0.021484 0.023322
0 0.861887 0.869843 0.017060 0.019990
0 0.924126 0.933561 0.016429 0.019157
0 0.831557 0.844439 0.015797 0.024155
0 0.894112 0.874007 0.019588 0.023322
0 0.826502 0.775723 0.018324 0.021656
0 0.822395 0.707841 0.015165 0.020823
0 0.865362 0.779471 0.017692 0.022489
0 0.745307 0.746571 0.013901 0.013327
0 0.749099 0.636765 0.021484 0.020823
0 0.713398 0.636765 0.018324 0.019157
0 0.756681 0.549309 0.017692 0.024155
0 0.810706 0.499750 0.017060 0.024988
0 0.806599 0.560970 0.018956 0.029152
0 0.711502 0.541396 0.018324 0.023322
0 0.845459 0.646343 0.013269 0.021656
0 0.733934 0.463518 0.017692 0.025820
0 0.728247 0.359820 0.013901 0.023322
0 0.642313 0.326920 0.016429 0.020823
0 0.631571 0.443389 0.020220 0.038314
0 0.608824 0.437975 0.024011 0.025820
0 0.812391 0.415487 0.020852 0.029152
0 0.977940 0.242240 0.018324 0.032484
0 0.766264 0.156588 0.015797 0.029985
0 0.689177 0.206563 0.018324 0.033317
0 0.642418 0.214893 0.015797 0.031651
0 0.803229 0.111611 0.018956 0.033317
0 0.734355 0.069132 0.022747 0.028319
0 0.696232 0.427425 0.016429 0.029152
0 0.572702 0.250708 0.019588 0.023322
0 0.516150 0.219474 0.022747 0.030818
0 0.449804 0.204065 0.011374 0.018324
0 0.422634 0.229052 0.018956 0.028319
0 0.605243 0.213643 0.018956 0.027486
0 0.527524 0.087040 0.017692 0.024155
0 0.326590 0.196985 0.010110 0.029152
0 0.309529 0.069132 0.018956 0.028319
0 0.304158 0.357738 0.018324 0.025820
0 0.276040 0.383142 0.025275 0.029985
0 0.337331 0.328169 0.024011 0.029985
0 0.409048 0.330668 0.024643 0.033317
0 0.493403 0.348992 0.020220 0.026653
0 0.505408 0.372314 0.026538 0.023322
0 0.369557 0.538897 0.017692 0.024988
0 0.472551 0.486423 0.018956 0.023322
0 0.450752 0.584291 0.019588 0.025820
0 0.408732 0.582625 0.020220 0.025820
0 0.393884 0.615942 0.023379 0.024155
0 0.376507 0.630935 0.021484 0.024155
0 0.559959 0.553057 0.022747 0.036648
0 0.623568 0.597340 0.022747 0.025820
0 0.193581 0.643845 0.025907 0.031651
0 0.147771 0.655506 0.024011 0.028319
0 0.315848 0.569715 0.024011 0.028319
0 0.267510 0.688406 0.025907 0.029152
0 0.224859 0.517241 0.024011 0.024988
0 0.179048 0.540563 0.023379 0.028319
0 0.117441 0.433117 0.029066 0.033317
0 0.217592 0.299017 0.024643 0.038314
0 0.210958 0.131601 0.024011 0.036648
0 0.189474 0.111611 0.021484 0.026653
0 0.156933 0.182409 0.025907 0.034983
0 0.120917 0.174913 0.025907 0.036648
0 0.108490 0.255150 0.030962 0.038314
0 0.013542 0.225720 0.027084 0.048309
0 0.061205 0.662169 0.018956 0.034983
0 0.543320 0.645788 0.021484 0.023322
0 0.578810 0.651757 0.019588 0.025820
0 0.549112 0.524738 0.022115 0.023322