0 0.067826 0.804669 0.022100 0.032493
0 0.227958 0.820328 0.024286 0.033613
0 0.230690 0.752301 0.023678 0.025610
0 0.128589 0.856343 0.017000 0.032013
0 0.411921 0.884354 0.020643 0.030412
0 0.320243 0.724290 0.026714 0.025610
0 0.277136 0.633053 0.026714 0.030412
0 0.325707 0.658263 0.023071 0.039216
0 0.364564 0.923569 0.023071 0.035214
0 0.691205 0.843537 0.018214 0.032013
0 0.627456 0.761104 0.023071 0.024010
0 0.600438 0.767907 0.016393 0.028011
0 0.791383 0.836335 0.019428 0.030412
0 0.892472 0.928772 0.015178 0.024810
0 0.845722 0.877151 0.013964 0.025610
0 0.782276 0.920368 0.015786 0.025610
0 0.944990 0.749500 0.015786 0.028011
0 0.685336 0.673469 0.018214 0.032813
0 0.921817 0.589836 0.016393 0.022409
0 0.886603 0.627051 0.016393 0.031212
0 0.730872 0.598639 0.020643 0.027211
0 0.580099 0.569961 0.019428 0.023209
0 0.613491 0.564359 0.018214 0.026411
0 0.638991 0.447512 0.023071 0.034414
0 0.746151 0.440176 0.015178 0.028812
0 0.698187 0.334134 0.024893 0.040816
0 0.724294 0.371349 0.017607 0.027211
0 0.656295 0.234894 0.018821 0.026411
0 0.823865 0.244631 0.023678 0.036815
0 0.776508 0.213819 0.020036 0.039216
0 0.864847 0.144191 0.018214 0.037615
0 0.745544 0.078431 0.018821 0.038415
0 0.604384 0.112445 0.024286 0.047219
0 0.676634 0.101240 0.015786 0.036014
0 0.541141 0.076431 0.024893 0.039216
0 0.457355 0.395358 0.016393 0.032013
0 0.503802 0.470588 0.017000 0.025610
0 0.462212 0.495798 0.017607 0.024810
0 0.545795 0.677204 0.020036 0.024810
0 0.559152 0.603175 0.015178 0.027211
0 0.575242 0.723223 0.019428 0.027211
0 0.494796 0.695211 0.021250 0.033613
0 0.361225 0.614646 0.024893 0.033613
0 0.387636 0.491130 0.024286 0.027211
0 0.342707 0.165266 0.023071 0.031212
0 0.279565 0.233293 0.023071 0.037615
0 0.249208 0.220488 0.015786 0.024810
0 0.203672 0.183673 0.026714 0.029612
0 0.136887 0.100840 0.019428 0.033613
0 0.065244 0.120448 0.024286 0.037615
0 0.234333 0.409097 0.018821 0.031212
0 0.201244 0.543151 0.024286 0.035214
0 0.173619 0.544351 0.022464 0.036014
0 0.088619 0.565159 0.022464 0.031212
0 0.280475 0.408697 0.026107 0.033613
0 0.329350 0.385087 0.020643 0.029612
0 0.148423 0.821262 0.018214 0.036014
0 0.221482 0.973189 0.017000 0.035214
0 0.289178 0.945578 0.020036 0.036014
0 0.295350 0.810057 0.020643 0.029612
0 0.280779 0.814459 0.020643 0.022409
0 0.233119 0.632253 0.029750 0.028812
0 0.378731 0.404295 0.015786 0.028011
0 0.779848 0.476591 0.023071 0.036014