0 0.146724 0.772764 0.017824 0.040624
0 0.175516 0.939650 0.023308 0.045015
0 0.294454 0.657481 0.030849 0.051603
0 0.365063 0.660225 0.021251 0.048309
0 0.436814 0.862246 0.025364 0.037330
0 0.459094 0.847424 0.023308 0.029644
0 0.447440 0.737630 0.021937 0.042819
0 0.377174 0.795272 0.021251 0.028546
0 0.395340 0.795272 0.023308 0.032938
0 0.526275 0.902869 0.026050 0.052701
0 0.533816 0.966001 0.026050 0.047211
0 0.465264 0.564156 0.021937 0.047211
0 0.444012 0.641561 0.024679 0.046113
0 0.523876 0.773313 0.025364 0.032938
0 0.613337 0.925377 0.024679 0.042819
0 0.715137 0.808996 0.022622 0.034036
0 0.663723 0.914398 0.023993 0.038428
0 0.647613 0.686027 0.031534 0.034036
0 0.551640 0.641012 0.020566 0.025253
0 0.561580 0.709633 0.019880 0.032938
0 0.734903 0.908908 0.023308 0.031840
0 0.771921 0.875421 0.026050 0.035134
0 0.793858 0.820524 0.023308 0.032938
0 0.804484 0.728846 0.015767 0.025253
0 0.935419 0.775509 0.019880 0.032938
0 0.875093 0.820524 0.018509 0.030742
0 0.849728 0.928122 0.021251 0.030742
0 0.825735 0.976431 0.022622 0.030742
0 0.611166 0.872676 0.014396 0.029644
0 0.727477 0.786122 0.017138 0.026350
0 0.772036 0.682367 0.022622 0.023057
0 0.795343 0.651076 0.021251 0.032938
0 0.840245 0.603316 0.021937 0.031840
0 0.731932 0.570927 0.019195 0.024155
0 0.656525 0.592885 0.024679 0.021959
0 0.671949 0.533048 0.021251 0.027448
0 0.857041 0.966184 0.022622 0.030742
0 0.898172 0.590690 0.019880 0.030742
0 0.661324 0.405504 0.017824 0.026350
0 0.801513 0.429659 0.021251 0.030742
0 0.778205 0.476321 0.019880 0.027448
0 0.798771 0.480164 0.019880 0.030742
0 0.902971 0.404406 0.018509 0.037330
0 0.875207 0.411543 0.026050 0.025253
0 0.807340 0.302847 0.019195 0.027448
0 0.886518 0.283633 0.022622 0.028546
0 0.678462 0.273203 0.021937 0.034036
0 0.571520 0.316572 0.019195 0.035134
0 0.549926 0.391231 0.026735 0.037330
0 0.482745 0.359391 0.028106 0.039526
0 0.766209 0.153162 0.027421 0.029644
0 0.664751 0.042271 0.019195 0.027448
0 0.562951 0.032389 0.021251 0.042819
0 0.821393 0.280523 0.022622 0.027448
0 0.877949 0.155358 0.020566 0.025253
0 0.871094 0.214646 0.017824 0.029644
0 0.799457 0.105402 0.019880 0.030742
0 0.618136 0.466623 0.023308 0.032938
0 0.485144 0.206412 0.019195 0.043917
0 0.460122 0.281072 0.022622 0.039526
0 0.311706 0.200922 0.023308 0.039526
0 0.302452 0.122420 0.021251 0.040624
0 0.302109 0.352986 0.026050 0.040624
0 0.381973 0.356280 0.021251 0.042819
0 0.446755 0.557751 0.024679 0.039526
0 0.380944 0.663702 0.015082 0.038428
0 0.554953 0.124067 0.017138 0.032938
0 0.775088 0.423913 0.020360 0.036232
0 0.844463 0.350845 0.024885 0.035024
0 0.837677 0.558575 0.023376 0.030193
0 0.197975 0.747031 0.028278 0.046800
0 0.249346 0.482840 0.029220 0.052838
0 0.557575 0.747031 0.021680 0.037742
0 0.807262 0.748591 0.021868 0.020531
0 0.892096 0.687601 0.021114 0.031401
0 0.498845 0.515499 0.024885 0.035024
0 0.457371 0.451490 0.023376 0.032609