0 0.284042 0.248968 0.026341 0.032458
1 0.244817 0.294258 0.105937 0.124547
0 0.358484 0.211604 0.024623 0.031703
0 0.050600 0.968700 0.025196 0.030193
0 0.149092 0.863401 0.024050 0.032458
0 0.152528 0.757347 0.020615 0.021135
0 0.278507 0.840001 0.016034 0.021890
0 0.373277 0.846795 0.020042 0.021890
0 0.358675 0.913220 0.018324 0.018871
0 0.370700 0.739609 0.021760 0.023400
0 0.468620 0.877365 0.016034 0.019626
0 0.528841 0.941148 0.021187 0.023400
0 0.629052 0.970209 0.020042 0.024155
0 0.725254 0.939261 0.015461 0.019626
0 0.665414 0.858872 0.017179 0.017361
0 0.672285 0.805656 0.017179 0.024155
0 0.625043 0.832830 0.014316 0.022645
0 0.765052 0.838491 0.016034 0.021890
0 0.769633 0.739986 0.017179 0.024155
0 0.727831 0.766028 0.013743 0.023400
0 0.807999 0.749799 0.018324 0.024155
0 0.855241 0.783766 0.014316 0.024155
0 0.720577 0.827924 0.016034 0.023400
0 0.835103 0.933600 0.020615 0.026419
0 0.788434 0.960019 0.015461 0.021890
0 0.605765 0.797101 0.017752 0.016606
0 0.708838 0.700861 0.013170 0.017361
0 0.682784 0.722373 0.014888 0.025664
0 0.694523 0.551027 0.017752 0.027174
0 0.819929 0.567633 0.013170 0.027174
0 0.641841 0.495924 0.020042 0.031703
0 0.631820 0.430254 0.014888 0.024155
0 0.603474 0.645003 0.018897 0.021890
0 0.889217 0.548007 0.021187 0.025664
0 0.734320 0.281804 0.017179 0.028684
0 0.598607 0.332377 0.014888 0.027174
0 0.681638 0.112847 0.020615 0.026419
0 0.989713 0.391757 0.019469 0.028684
0 0.891221 0.167572 0.019469 0.030193
0 0.532182 0.197766 0.020615 0.030193
0 0.497824 0.141531 0.024050 0.030948
0 0.447719 0.110583 0.017752 0.026419
0 0.448291 0.332126 0.021187 0.033213
0 0.553655 0.574804 0.020042 0.027929
0 0.446287 0.549894 0.017179 0.030948
0 0.500687 0.520079 0.021760 0.028684
0 0.356766 0.565368 0.016034 0.027174
0 0.471292 0.658213 0.014888 0.024155
0 0.283756 0.464976 0.018897 0.018116
0 0.206451 0.564236 0.023478 0.026419
0 0.234223 0.557065 0.018324 0.030193
0 0.509658 0.378170 0.016034 0.024155
0 0.384825 0.106054 0.019469 0.026419
0 0.330425 0.033213 0.022905 0.030193
0 0.287191 0.206446 0.023478 0.026419
0 0.090970 0.132976 0.020042 0.029438
0 0.070069 0.222046 0.024050 0.032458
0 0.149378 0.212233 0.018897 0.024909
0 0.098701 0.590026 0.019469 0.031703
0 0.050027 0.640600 0.020615 0.030193
0 0.293395 0.678341 0.020615 0.027174
0 0.396182 0.593297 0.018897 0.027174
0 0.411357 0.589900 0.018324 0.026419