2 0.327170 0.929750 0.066101 0.140499
0 0.140414 0.879227 0.027449 0.042272
0 0.102027 0.890240 0.028378 0.053026
0 0.046622 0.883206 0.025676 0.045451
0 0.227703 0.798797 0.022973 0.047615
0 0.183108 0.633226 0.031081 0.047615
0 0.275000 0.645671 0.025676 0.044369
0 0.241554 0.702484 0.033108 0.056272
0 0.315541 0.597515 0.029730 0.038958
0 0.399324 0.896192 0.031081 0.045451
0 0.500450 0.708977 0.032432 0.038958
0 0.489977 0.746312 0.025000 0.046533
0 0.462613 0.744689 0.027027 0.041122
0 0.434572 0.858857 0.033108 0.042204
0 0.480856 0.875631 0.024324 0.047615
0 0.557095 0.969779 0.025000 0.036794
0 0.581419 0.960039 0.023649 0.047615
0 0.595946 0.897815 0.021622 0.044369
0 0.584459 0.809619 0.022973 0.045451
0 0.488851 0.609960 0.022297 0.040040
0 0.698761 0.889699 0.019595 0.045451
0 0.745721 0.847494 0.022973 0.043287
0 0.868581 0.665691 0.019595 0.034629
0 0.839865 0.673266 0.020270 0.034629
0 0.972297 0.932444 0.020270 0.035711
0 0.951351 0.822605 0.020270 0.032465
0 0.877027 0.874188 0.018919 0.032465
0 0.795946 0.821162 0.021622 0.041122
0 0.610360 0.703026 0.018919 0.029218
0 0.505743 0.580200 0.025000 0.043287
0 0.464189 0.518517 0.022973 0.041122
0 0.531419 0.509318 0.023649 0.042204
0 0.600676 0.605631 0.022973 0.035711
0 0.725563 0.492545 0.020946 0.030301
0 0.746171 0.455210 0.020270 0.031383
0 0.706306 0.650180 0.021622 0.036794
0 0.903941 0.469819 0.015541 0.030301
0 0.925901 0.434108 0.016216 0.030301
0 0.673536 0.419499 0.025000 0.044369
0 0.694144 0.528797 0.020270 0.033547
0 0.768131 0.166814 0.018243 0.041122
0 0.701014 0.088537 0.022297 0.038958
0 0.661149 0.269258 0.019595 0.038958
0 0.577928 0.151844 0.024324 0.024890
0 0.498198 0.363407 0.021622 0.030301
0 0.476577 0.343928 0.021622 0.034629
0 0.573649 0.420220 0.025676 0.046533
2 0.551408 0.351780 0.073087 0.184523
0 0.382095 0.096112 0.022297 0.032465
0 0.423649 0.079880 0.025676 0.045451
0 0.561149 0.040922 0.025000 0.043287
0 0.384122 0.182685 0.019595 0.047615
0 0.289189 0.111263 0.024324 0.036794
0 0.374324 0.282785 0.018919 0.042204
0 0.232770 0.361423 0.025000 0.050862
0 0.320946 0.535110 0.025676 0.041122
0 0.413514 0.542144 0.024324 0.044369
0 0.403041 0.432304 0.020946 0.049780
0 0.291554 0.416613 0.029054 0.048697
0 0.345270 0.358717 0.024324 0.049780
0 0.184685 0.521402 0.027027 0.051944
0 0.377252 0.547735 0.020270 0.032465
0 0.628378 0.615911 0.025676 0.047615