2 0.413885 0.338346 0.068783 0.160696
2 0.419198 0.288712 0.045855 0.158239
0 0.439423 0.406162 0.017335 0.025063
0 0.057298 0.935550 0.025724 0.037594
0 0.137823 0.914541 0.025724 0.038331
0 0.077149 0.910487 0.028520 0.033171
0 0.213037 0.933707 0.027401 0.032434
0 0.262247 0.859993 0.020691 0.032434
0 0.241277 0.818713 0.015658 0.029485
0 0.334664 0.894639 0.021250 0.025063
0 0.281260 0.829771 0.018454 0.025063
0 0.133816 0.765271 0.020691 0.027274
0 0.421621 0.825716 0.025164 0.024326
0 0.468035 0.792914 0.018454 0.028011
0 0.505502 0.807656 0.018454 0.030960
0 0.410437 0.954347 0.021809 0.023588
0 0.397296 0.867733 0.019013 0.024326
0 0.588545 0.969827 0.021250 0.028011
0 0.597771 0.772642 0.020691 0.028748
0 0.632442 0.790702 0.020691 0.029485
0 0.697590 0.799179 0.017895 0.028748
0 0.638034 0.912330 0.019572 0.025063
0 0.777277 0.810236 0.018454 0.034645
0 0.771405 0.845250 0.017895 0.032434
0 0.755468 0.931495 0.019572 0.022114
0 0.949233 0.917121 0.017895 0.030223
0 0.951750 0.766131 0.017335 0.029485
0 0.780073 0.728906 0.020691 0.030223
0 0.712409 0.695366 0.018454 0.032434
0 0.634679 0.688732 0.025164 0.029485
0 0.702623 0.634798 0.019013 0.027274
0 0.934414 0.576933 0.019572 0.032434
0 0.799086 0.618949 0.017335 0.025063
0 0.664597 0.498427 0.023487 0.028748
0 0.832918 0.439088 0.020131 0.035383
0 0.913164 0.462308 0.019572 0.039068
0 0.872063 0.464151 0.020131 0.033908
0 0.761899 0.421765 0.016776 0.033171
0 0.815303 0.405548 0.017335 0.033171
0 0.798807 0.257015 0.019013 0.035383
0 0.651455 0.240552 0.021809 0.036857
0 0.925187 0.034645 0.023487 0.041280
0 0.561703 0.109833 0.021250 0.036857
0 0.527032 0.152587 0.017895 0.039805
0 0.446226 0.137845 0.020691 0.033908
0 0.482295 0.243992 0.021250 0.039805
0 0.529269 0.418694 0.020131 0.035383
0 0.605880 0.467099 0.020131 0.036857
0 0.549400 0.455305 0.020131 0.035383
0 0.485930 0.503587 0.018454 0.033171
0 0.438118 0.541919 0.029079 0.034645
0 0.562262 0.590201 0.022368 0.041280
0 0.456292 0.694874 0.016217 0.026537
0 0.435042 0.707037 0.020691 0.030223
0 0.386112 0.681606 0.024605 0.029485
0 0.271194 0.696349 0.021809 0.029485
0 0.139874 0.509116 0.021250 0.035383
0 0.233821 0.507642 0.015658 0.032434
0 0.280794 0.559978 0.021250 0.033908
0 0.171469 0.587252 0.013980 0.023588
0 0.283870 0.326306 0.025164 0.036857
0 0.136798 0.341417 0.018454 0.033171
0 0.305120 0.269546 0.021809 0.033908
0 0.224873 0.170033 0.022368 0.029485
0 0.388162 0.360829 0.016776 0.028748
0 0.404659 0.347929 0.013980 0.025063
0 0.435695 0.353089 0.014539 0.026537
0 0.336994 0.144847 0.021809 0.036120
0 0.309034 0.107991 0.018454 0.034645
0 0.219002 0.088825 0.020691 0.031697
0 0.165318 0.131579 0.021809 0.027274
0 0.815815 0.518374 0.018973 0.029012
0 0.924341 0.266773 0.020491 0.032013
0 0.660994 0.096539 0.020491 0.027011
0 0.686165 0.434340 0.018214 0.029012
0 0.572583 0.445633 0.023182 0.030558
0 0.843036 0.712376 0.023182 0.034377
0 0.600112 0.933919 0.020284 0.019099