1 0.742519 0.909132 0.124035 0.060292
0 0.079454 0.904456 0.028779 0.041082
0 0.151950 0.646210 0.027929 0.048309
0 0.208366 0.637264 0.026812 0.048309
0 0.273161 0.689151 0.026812 0.044731
0 0.243556 0.869416 0.024577 0.047415
0 0.321757 0.910121 0.026812 0.046520
0 0.351920 0.865390 0.021226 0.050098
0 0.412246 0.898491 0.029046 0.037574
0 0.412804 0.780849 0.029046 0.050993
0 0.352478 0.663655 0.026812 0.049204
0 0.384317 0.608636 0.022343 0.048309
0 0.529826 0.715990 0.027370 0.041152
0 0.469779 0.683784 0.025694 0.044731
0 0.442130 0.921751 0.020667 0.044731
0 0.661370 0.720016 0.025694 0.040258
0 0.622549 0.680205 0.025136 0.041152
0 0.659974 0.627423 0.026253 0.025049
0 0.682038 0.594322 0.016757 0.037574
0 0.568368 0.920409 0.026253 0.033101
0 0.497708 0.549144 0.024577 0.042047
0 0.398375 0.560327 0.022902 0.041152
0 0.608864 0.923839 0.022343 0.032206
0 0.659136 0.982048 0.027929 0.035904
0 0.770106 0.717630 0.024577 0.027733
0 0.876794 0.669768 0.018992 0.025049
0 0.905561 0.737759 0.024019 0.030417
0 0.922318 0.640246 0.021784 0.030417
0 0.930417 0.851822 0.017874 0.029522
0 0.929021 0.981094 0.024019 0.028628
0 0.930417 0.929206 0.024577 0.032206
0 0.786026 0.579859 0.017316 0.029522
0 0.717321 0.561967 0.020667 0.036679
0 0.830991 0.601330 0.020109 0.038468
0 0.905840 0.543329 0.017874 0.028628
0 0.767872 0.467287 0.023460 0.037574
0 0.927624 0.530805 0.014523 0.019682
0 0.928183 0.567484 0.022343 0.023260
0 0.945219 0.430459 0.020667 0.027733
0 0.930696 0.459981 0.022902 0.031312
0 0.662022 0.371414 0.019550 0.034890
0 0.610074 0.480557 0.019550 0.031312
0 0.480485 0.482346 0.019550 0.029522
0 0.405450 0.435379 0.020667 0.035785
0 0.363836 0.375887 0.025694 0.040258
0 0.281167 0.516342 0.027929 0.038468
0 0.225775 0.532445 0.028487 0.045625
0 0.283867 0.413461 0.032956 0.052782
0 0.528523 0.309835 0.021784 0.032206
0 0.527964 0.210533 0.018433 0.039363
0 0.526009 0.236476 0.020109 0.033995
0 0.654854 0.265402 0.016757 0.035785
0 0.786957 0.257351 0.018433 0.037574
0 0.831922 0.260035 0.018992 0.041152
0 0.884707 0.265402 0.019550 0.035785
0 0.808741 0.356653 0.016199 0.028628
0 0.736033 0.148655 0.020109 0.036679
0 0.856685 0.197859 0.022343 0.031312
0 0.778485 0.123606 0.017874 0.036679
0 0.771503 0.154917 0.013964 0.031312
0 0.615940 0.090952 0.018992 0.033995
0 0.587452 0.130763 0.020109 0.034890
0 0.694978 0.120922 0.020667 0.029522
0 0.385527 0.085585 0.019550 0.037574
0 0.324363 0.110634 0.018992 0.037574
0 0.496125 0.365897 0.026253 0.041152
0 0.456187 0.374843 0.014523 0.030417
0 0.321569 0.317364 0.026393 0.044283
0 0.693581 0.894568 0.025000 0.031383