0 0.120606 0.950825 0.027689 0.033104
0 0.219128 0.918994 0.022538 0.030558
0 0.216231 0.870611 0.024470 0.028860
0 0.226534 0.756020 0.027045 0.030558
0 0.288673 0.955918 0.025113 0.028011
0 0.205928 0.657132 0.020606 0.026314
0 0.257765 0.663922 0.021250 0.026314
0 0.381722 0.844722 0.027045 0.034802
0 0.326022 0.901169 0.019962 0.032255
0 0.519524 0.962284 0.019318 0.025465
0 0.564600 0.932999 0.020606 0.031407
0 0.559770 0.786577 0.019962 0.028860
0 0.609997 0.807798 0.022538 0.025465
0 0.386874 0.677645 0.018030 0.022069
0 0.665698 0.867640 0.020606 0.026314
0 0.819598 0.816711 0.015454 0.024616
0 0.498382 0.717398 0.018674 0.019523
0 0.533798 0.666469 0.016098 0.028011
0 0.609461 0.671562 0.019318 0.021221
0 0.697251 0.667883 0.012879 0.021221
0 0.775167 0.643692 0.019318 0.025465
0 0.829579 0.651756 0.018674 0.022918
0 0.890109 0.625018 0.018674 0.025465
0 0.697895 0.788699 0.011591 0.028011
0 0.625774 0.584981 0.014167 0.026314
0 0.916189 0.601958 0.015454 0.022918
0 0.857269 0.555273 0.017386 0.033104
0 0.953215 0.442379 0.022538 0.033104
0 0.768406 0.545511 0.021250 0.032255
0 0.682762 0.419885 0.022538 0.037348
0 0.490225 0.433466 0.018674 0.027162
0 0.456741 0.495855 0.023826 0.029709
0 0.728482 0.480576 0.018674 0.033104
0 0.674713 0.252242 0.019318 0.028011
0 0.593255 0.214894 0.019962 0.026314
0 0.902022 0.314206 0.025757 0.036499
0 0.820564 0.252667 0.021250 0.039046
0 0.784826 0.304021 0.021894 0.034802
0 0.746512 0.340944 0.018674 0.032255
0 0.913291 0.155052 0.021250 0.032255
0 0.964484 0.214470 0.018030 0.037348
0 0.714959 0.135529 0.023826 0.032255
0 0.763254 0.090117 0.014811 0.031407
0 0.655395 0.070169 0.021894 0.037348
0 0.584025 0.061115 0.019962 0.032255
0 0.542491 0.077243 0.019318 0.030558
0 0.489689 0.127324 0.015454 0.030558
0 0.447833 0.200323 0.020606 0.037348
0 0.419822 0.101859 0.021250 0.030558
0 0.379254 0.094220 0.016098 0.027162
0 0.354784 0.106527 0.017386 0.028011
0 0.410485 0.296240 0.023182 0.035651
0 0.442681 0.430354 0.020606 0.025465
0 0.407909 0.384517 0.018030 0.032255
0 0.387303 0.384517 0.023182 0.035651
0 0.362833 0.381547 0.018030 0.039895
0 0.333212 0.314065 0.020606 0.030558
0 0.377000 0.302181 0.021894 0.023767
0 0.251111 0.306850 0.017386 0.036499
0 0.256262 0.440115 0.026401 0.033104
0 0.347379 0.482132 0.020606 0.022069
0 0.306382 0.106103 0.016742 0.022069
0 0.252613 0.158730 0.019962 0.028860
0 0.192405 0.099737 0.023182 0.028011
0 0.184356 0.125626 0.016098 0.023767
0 0.174053 0.148120 0.016098 0.031407
0 0.169867 0.227909 0.019318 0.029709
0 0.092595 0.384235 0.020606 0.027162
0 0.047520 0.441955 0.027045 0.030558
0 0.204962 0.519198 0.021250 0.035651
0 0.136383 0.596016 0.027045 0.022918
0 0.081648 0.740741 0.018030 0.032255
0 0.643369 0.437113 0.022037 0.029049
0 0.585916 0.468237 0.018889 0.033198
0 0.495014 0.276827 0.013380 0.036311
0 0.536726 0.381609 0.019676 0.032161
0 0.559157 0.293426 0.017315 0.030086
0 0.398602 0.555383 0.017315 0.026974
0 0.165247 0.728118 0.021250 0.023861
0 0.291172 0.212851 0.024398 0.032161