0 0.123428 0.793843 0.033754 0.065562
0 0.174777 0.724254 0.033036 0.057511
0 0.222535 0.723104 0.025136 0.057511
0 0.174777 0.809370 0.030163 0.052910
0 0.217149 0.918641 0.027290 0.046009
0 0.283579 0.939920 0.026572 0.058661
0 0.301892 0.932444 0.020109 0.050610
0 0.255930 0.738057 0.025854 0.052910
0 0.296865 0.751284 0.038781 0.044859
0 0.290402 0.558623 0.025854 0.052910
0 0.368682 0.705276 0.033036 0.047159
0 0.396691 0.660992 0.034472 0.043708
0 0.476766 0.645464 0.025136 0.056361
0 0.452349 0.638563 0.030881 0.037957
0 0.407822 0.870907 0.035190 0.054060
0 0.470303 0.833525 0.036627 0.050610
0 0.542598 0.939920 0.026572 0.049459
0 0.612620 0.958324 0.031599 0.047159
0 0.740454 0.822598 0.028727 0.037957
0 0.586047 0.777164 0.018672 0.046009
0 0.604720 0.616134 0.024418 0.046009
0 0.518181 0.537919 0.023700 0.046009
0 0.869245 0.941646 0.025854 0.043708
0 0.838723 0.766812 0.028009 0.041408
0 0.788451 0.739782 0.029445 0.037957
0 0.559356 0.623035 0.028009 0.039107
0 0.961051 0.923817 0.025136 0.042558
0 0.739137 0.912315 0.023700 0.035657
0 0.810595 0.659842 0.021545 0.036807
0 0.815263 0.544437 0.017954 0.046009
0 0.636798 0.484050 0.022981 0.040258
0 0.739496 0.314201 0.020109 0.040258
0 0.647571 0.322828 0.022981 0.032206
0 0.583654 0.308450 0.021545 0.037957
0 0.705503 0.175983 0.020109 0.036807
0 0.619323 0.147228 0.022981 0.032206
0 0.434275 0.203589 0.024418 0.034507
0 0.488137 0.227743 0.025854 0.036807
0 0.327986 0.260141 0.027290 0.035657
0 0.258683 0.212982 0.019391 0.035657
0 0.290641 0.460279 0.030163 0.047159
0 0.442893 0.441876 0.027290 0.042558
0 0.434275 0.487884 0.027290 0.042558
0 0.241447 0.521241 0.033754 0.051760
0 0.470901 0.711410 0.028727 0.040258
0 0.371435 0.403918 0.028009 0.035657
0 0.582935 0.425773 0.028727 0.040258