0 0.138423 0.897509 0.030163 0.045467
0 0.165038 0.771763 0.026614 0.046888
0 0.285246 0.896088 0.041696 0.045467
0 0.282585 0.729848 0.020404 0.042626
0 0.311861 0.720612 0.036373 0.044047
0 0.396583 0.560765 0.024840 0.039784
0 0.443159 0.530927 0.023953 0.042626
0 0.411665 0.457043 0.023066 0.045467
0 0.378397 0.463437 0.020404 0.049730
0 0.378840 0.653832 0.033712 0.035521
0 0.414770 0.647438 0.031050 0.042626
0 0.476427 0.703562 0.026614 0.049730
0 0.415213 0.804443 0.030163 0.035521
0 0.554496 0.959316 0.028389 0.038363
0 0.593087 0.798759 0.027502 0.035521
0 0.539414 0.758975 0.030163 0.038363
0 0.620588 0.744767 0.031050 0.044047
0 0.640993 0.683670 0.023953 0.038363
0 0.490621 0.542294 0.024840 0.036942
0 0.392148 0.838543 0.026614 0.041205
0 0.799940 0.735531 0.024840 0.031259
0 0.706789 0.693616 0.026614 0.032680
0 0.713443 0.594866 0.022179 0.028417
0 0.710782 0.526665 0.020404 0.028417
0 0.706789 0.451359 0.023066 0.042626
0 0.617188 0.413707 0.021292 0.038363
0 0.576822 0.526665 0.018630 0.045467
0 0.823302 0.871223 0.024840 0.032680
0 0.825076 0.725585 0.026614 0.031259
0 0.825963 0.605522 0.021292 0.032680
0 0.868103 0.645306 0.018630 0.044047
0 0.800236 0.460832 0.023066 0.036942
0 0.709303 0.373449 0.018630 0.032680
0 0.740797 0.583736 0.017743 0.032680
0 0.464894 0.393341 0.023066 0.032680
0 0.502154 0.357109 0.019517 0.034101
0 0.515018 0.344321 0.018630 0.036942
0 0.507033 0.247703 0.022179 0.036942
0 0.604176 0.462963 0.024840 0.035521
0 0.682245 0.428152 0.021292 0.028417
0 0.855683 0.423889 0.018630 0.031259
0 0.904919 0.425310 0.017743 0.034101
0 0.687568 0.212181 0.021292 0.034101
0 0.710190 0.232784 0.016856 0.032680
0 0.791808 0.222127 0.015082 0.031259
0 0.807333 0.193710 0.021292 0.031259
0 0.756322 0.439519 0.018630 0.031259
0 0.569134 0.581605 0.016856 0.028417
0 0.543406 0.597944 0.018630 0.038363
0 0.600184 0.240125 0.020404 0.031259
0 0.571795 0.045467 0.027502 0.051151
0 0.750555 0.046888 0.023066 0.045467
0 0.821527 0.104433 0.019517 0.044047
0 0.220632 0.340296 0.026614 0.049730
0 0.520488 0.051151 0.023066 0.039784
0 0.466372 0.077437 0.024840 0.044047
0 0.473469 0.109406 0.021292 0.042626
0 0.376770 0.859856 0.023066 0.038363
0 0.377657 0.936582 0.030163 0.038363
0 0.205551 0.610495 0.026614 0.048309
0 0.469921 0.761106 0.031937 0.036942
0 0.718175 0.802548 0.023953 0.032680
0 0.546934 0.502214 0.022622 0.040258
0 0.350560 0.847088 0.019480 0.042271
0 0.506717 0.816895 0.025136 0.038245
0 0.811594 0.789721 0.018224 0.028180
0 0.766350 0.741412 0.023251 0.032206
0 0.756924 0.513117 0.019480 0.029187
0 0.692199 0.099134 0.014453 0.025161
0 0.675546 0.068941 0.012568 0.025161
0 0.631873 0.021135 0.018224 0.042270