0 0.100854 0.980543 0.023306 0.029818
0 0.061439 0.947110 0.018508 0.029818
0 0.049100 0.823319 0.019879 0.031626
0 0.170430 0.898316 0.021250 0.028011
0 0.219442 0.913226 0.019193 0.032529
0 0.271196 0.783109 0.022621 0.036143
0 0.329119 0.764585 0.019193 0.028011
0 0.368877 0.760519 0.021935 0.030722
0 0.117648 0.746965 0.026734 0.028915
0 0.307526 0.922713 0.021250 0.031626
0 0.307869 0.946206 0.026048 0.026204
0 0.430912 0.950724 0.021250 0.024397
0 0.458674 0.891088 0.020564 0.026204
0 0.596799 0.921358 0.017137 0.027108
0 0.646839 0.811120 0.021250 0.027108
0 0.545730 0.759616 0.019193 0.027108
0 0.602625 0.797115 0.020564 0.031626
0 0.460045 0.760519 0.021935 0.027108
0 0.529622 0.988238 0.019879 0.023523
0 0.677685 0.712629 0.019879 0.032529
0 0.718471 0.689588 0.019193 0.028011
0 0.732866 0.804795 0.015081 0.028915
0 0.734923 0.874371 0.019193 0.027108
0 0.831233 0.818801 0.015766 0.024397
0 0.777423 0.784464 0.016452 0.028011
0 0.906978 0.791693 0.017822 0.020783
0 0.869620 0.787627 0.015766 0.023493
0 0.870648 0.876630 0.016452 0.026204
0 0.947764 0.929490 0.017137 0.028915
0 0.930970 0.674377 0.019193 0.032529
0 0.885728 0.648625 0.021935 0.029818
0 0.834660 0.640041 0.019879 0.027108
0 0.791818 0.693353 0.017822 0.025300
0 0.609480 0.613385 0.020564 0.028011
0 0.578976 0.680251 0.017137 0.020783
0 0.684197 0.566850 0.019193 0.027108
0 0.558412 0.555104 0.021250 0.034336
0 0.500146 0.649980 0.017137 0.025300
0 0.837745 0.487335 0.019193 0.032529
0 0.934055 0.409174 0.017137 0.031626
0 0.906636 0.489594 0.019879 0.040661
0 0.524823 0.486883 0.018508 0.028011
0 0.593371 0.360833 0.021250 0.030722
0 0.659520 0.367158 0.017822 0.030722
0 0.737322 0.437186 0.017137 0.026204
0 0.577605 0.242764 0.018508 0.025300
0 0.492606 0.231469 0.019879 0.026204
0 0.752745 0.224692 0.019193 0.028915
0 0.713330 0.202102 0.022621 0.032529
0 0.912119 0.243216 0.018508 0.028011
0 0.891212 0.214753 0.021935 0.032529
0 0.790447 0.310081 0.024677 0.035240
0 0.459817 0.127858 0.032903 0.037047
0 0.824492 0.066414 0.019193 0.028011
0 0.768968 0.018975 0.020564 0.034336
0 0.653808 0.046987 0.020564 0.032529
0 0.368534 0.067769 0.021250 0.032529
0 0.313695 0.056926 0.019879 0.030722
0 0.328433 0.169874 0.020564 0.028915
0 0.297929 0.244420 0.015766 0.026204
0 0.244119 0.239902 0.016452 0.026204
0 0.347627 0.311286 0.017822 0.028011
0 0.405892 0.420168 0.024677 0.027108
0 0.460388 0.441854 0.019879 0.027108
0 0.366820 0.468510 0.020564 0.028011
0 0.308212 0.470317 0.021250 0.022590
0 0.403836 0.641547 0.023306 0.025300
0 0.440852 0.510979 0.023306 0.026204
0 0.218185 0.577392 0.021250 0.034336
0 0.148266 0.533568 0.023992 0.029818
0 0.324092 0.497877 0.021935 0.034336
0 0.136956 0.219120 0.020564 0.031626
0 0.168831 0.245776 0.023992 0.030722
0 0.240463 0.353303 0.019193 0.037951
0 0.175685 0.518659 0.019879 0.028915
0 0.087258 0.548929 0.021250 0.031626
0 0.083146 0.631156 0.015766 0.028011
0 0.098912 0.818801 0.021250 0.026204