0 0.170697 0.946392 0.039118 0.046989
0 0.179416 0.517841 0.030163 0.055937
0 0.242123 0.605560 0.034926 0.053394
0 0.208785 0.665311 0.025400 0.055937
0 0.354970 0.684380 0.024607 0.048309
0 0.345842 0.735867 0.025400 0.041953
0 0.320838 0.810874 0.034132 0.036868
0 0.312107 0.957073 0.034132 0.044495
0 0.461334 0.678659 0.027782 0.041953
0 0.528823 0.674940 0.022362 0.039980
0 0.582128 0.778222 0.028083 0.044978
0 0.532723 0.770309 0.024963 0.032484
0 0.477338 0.876506 0.023402 0.038314
0 0.502040 0.830279 0.023922 0.030818
0 0.508281 0.926481 0.023922 0.031651
0 0.480198 0.931479 0.022882 0.031651
0 0.454456 0.961047 0.027563 0.032484
0 0.599810 0.672025 0.017682 0.032484
0 0.627113 0.703260 0.018202 0.036648
0 0.652856 0.725332 0.016642 0.037481
0 0.694980 0.757816 0.022882 0.035815
0 0.710061 0.728247 0.021842 0.038314
0 0.827593 0.849853 0.019762 0.034983
0 0.694720 0.844439 0.028603 0.029152
0 0.705121 0.805292 0.024442 0.035815
0 0.623126 0.958965 0.023056 0.038314
0 0.802977 0.946055 0.021842 0.030818
0 0.722976 0.662447 0.017162 0.031651
0 0.950759 0.810706 0.023402 0.033317
0 0.905514 0.843190 0.022362 0.024988
0 0.701134 0.555833 0.023402 0.036648
0 0.628586 0.545838 0.020802 0.033317
0 0.680592 0.490033 0.020802 0.031651
0 0.810865 0.539314 0.018202 0.025820
0 0.757039 0.387306 0.020802 0.031651
0 0.772641 0.381059 0.014561 0.025820
0 0.861050 0.421456 0.020802 0.029985
0 0.763800 0.594703 0.016642 0.029985
0 0.839468 0.605531 0.020282 0.033317
0 0.844668 0.339414 0.017162 0.030818
0 0.791103 0.301932 0.017162 0.032484
0 0.760420 0.289855 0.020282 0.033317
0 0.865210 0.312344 0.016642 0.034983
0 0.716475 0.403965 0.020802 0.033317
0 0.535497 0.568466 0.022882 0.034150
0 0.511835 0.561386 0.017162 0.033317
0 0.503254 0.586373 0.018722 0.031651
0 0.617665 0.416875 0.016642 0.032484
0 0.525876 0.406463 0.020282 0.034983
0 0.517035 0.365234 0.021322 0.037481
0 0.465810 0.395636 0.023922 0.034983
0 0.568780 0.323588 0.020802 0.032484
0 0.430273 0.496835 0.017682 0.032484
0 0.337184 0.507246 0.020802 0.034983
0 0.248168 0.437281 0.024442 0.031651
0 0.125696 0.666333 0.029123 0.043312
0 0.335277 0.305680 0.026003 0.044978
0 0.349058 0.390638 0.023402 0.028319
0 0.194083 0.426037 0.029643 0.040813
0 0.387022 0.286940 0.023402 0.047476
0 0.441888 0.288189 0.022882 0.046643
0 0.547198 0.166167 0.022362 0.035815
0 0.525876 0.157005 0.021322 0.039147
0 0.601024 0.196568 0.020802 0.041646
0 0.615065 0.191987 0.021842 0.047476
0 0.782002 0.167833 0.018722 0.042479
0 0.875871 0.127436 0.022362 0.033317
0 0.458096 0.206147 0.017162 0.034150
0 0.441454 0.218224 0.020282 0.039980
0 0.303034 0.186157 0.028083 0.040813
0 0.486179 0.059970 0.022362 0.041646
0 0.528823 0.043312 0.022362 0.036648
0 0.735024 0.078711 0.020802 0.042479
0 0.438336 0.585749 0.022622 0.045290
0 0.573756 0.572162 0.020737 0.048309
0 0.739653 0.968196 0.028278 0.030193