0 0.073686 0.928868 0.030163 0.051096
0 0.154314 0.928403 0.035964 0.055741
0 0.268875 0.809953 0.027263 0.060386
0 0.275836 0.943268 0.020302 0.048309
0 0.334422 0.919113 0.023782 0.042735
0 0.310930 0.776044 0.019722 0.044593
0 0.455944 0.940945 0.026683 0.043664
0 0.408089 0.898210 0.026103 0.039948
0 0.381697 0.882881 0.024362 0.046451
0 0.427811 0.748173 0.023782 0.044593
0 0.526228 0.758857 0.023782 0.039948
0 0.578723 0.773257 0.034804 0.039019
0 0.591485 0.696148 0.023202 0.044593
0 0.658771 0.725876 0.024362 0.035303
0 0.657611 0.979035 0.020882 0.038090
0 0.692995 0.967887 0.025523 0.034374
0 0.720258 0.769540 0.023202 0.039019
0 0.733309 0.673851 0.028423 0.033445
0 0.784644 0.933977 0.026683 0.037161
0 0.951894 0.926081 0.023202 0.026942
0 0.941743 0.786727 0.022622 0.023226
0 0.991319 0.735631 0.017362 0.030658
0 0.861695 0.540227 0.023782 0.036232
0 0.709720 0.578781 0.021462 0.026013
0 0.712910 0.541620 0.016242 0.029729
0 0.642433 0.491918 0.021462 0.041806
0 0.599799 0.469156 0.020882 0.024155
0 0.919411 0.557414 0.024362 0.029729
0 0.515787 0.674935 0.023782 0.039948
0 0.369032 0.542085 0.022622 0.041806
0 0.305226 0.605258 0.031903 0.043664
0 0.326301 0.377183 0.030743 0.039019
0 0.449274 0.442215 0.027263 0.044593
0 0.563642 0.299610 0.019722 0.028800
0 0.473443 0.331661 0.023782 0.035303
0 0.507666 0.347454 0.028423 0.037161
0 0.688934 0.327016 0.023202 0.033445
0 0.631219 0.316797 0.020302 0.026013
0 0.849224 0.320513 0.018562 0.027871
0 0.726252 0.132386 0.022042 0.041806
0 0.675496 0.135637 0.020302 0.033445
0 0.684777 0.097547 0.019142 0.031587
0 0.607340 0.139818 0.025523 0.041806
0 0.635762 0.130992 0.024362 0.040877
0 0.532512 0.127741 0.022042 0.038090
0 0.526131 0.146786 0.020882 0.040877
0 0.460295 0.061315 0.021462 0.040877
0 0.412730 0.163508 0.026103 0.046451
0 0.387497 0.174656 0.026683 0.046451
0 0.348923 0.134708 0.022622 0.042735
0 0.279026 0.147715 0.024362 0.033445
0 0.298458 0.107767 0.020302 0.037161
0 0.812508 0.440703 0.018630 0.038363
0 0.697622 0.415838 0.017743 0.025575