1 0.330018 0.565854 0.069444 0.108216
0 0.135761 0.730609 0.028779 0.044088
0 0.267142 0.872392 0.026276 0.055110
0 0.349099 0.868384 0.022523 0.043086
0 0.325013 0.940528 0.028153 0.057114
0 0.379755 0.854857 0.028779 0.044088
0 0.419795 0.868384 0.018769 0.043086
0 0.405822 0.738124 0.030030 0.045090
0 0.500292 0.709066 0.028779 0.051102
0 0.514369 0.872392 0.021897 0.051102
0 0.510302 0.943033 0.033784 0.044088
0 0.386428 0.616881 0.025025 0.045090
0 0.425217 0.561270 0.028779 0.046092
0 0.481523 0.546240 0.033784 0.044088
0 0.373603 0.510669 0.031907 0.039078
0 0.535953 0.649447 0.025025 0.046092
0 0.709564 0.983541 0.026902 0.032918
0 0.830622 0.916981 0.020020 0.030060
0 0.611966 0.549246 0.020646 0.038076
0 0.569111 0.639427 0.021271 0.030060
0 0.554409 0.595338 0.026902 0.030060
0 0.525004 0.490796 0.030656 0.040080
0 0.696634 0.572459 0.019394 0.035070
0 0.703203 0.548411 0.018769 0.031062
0 0.650338 0.392600 0.021897 0.038076
0 0.713839 0.728271 0.021271 0.028056
0 0.728854 0.713742 0.023774 0.033066
0 0.753253 0.797910 0.020020 0.027054
0 0.695696 0.879573 0.025025 0.028056
0 0.636887 0.929673 0.022523 0.032064
0 0.626251 0.699714 0.023774 0.037074
0 0.977436 0.903955 0.023774 0.042084
0 0.952724 0.803254 0.024399 0.037074
0 0.842613 0.777703 0.020646 0.030060
0 0.856690 0.733615 0.020020 0.038076
0 0.863572 0.685519 0.021271 0.034068
0 0.844490 0.902953 0.021897 0.030060
0 0.854500 0.585819 0.021897 0.035070
0 0.845429 0.632413 0.022523 0.028056
0 0.892351 0.568284 0.018769 0.028056
0 0.738760 0.617382 0.031907 0.046092
0 0.871392 0.459567 0.024399 0.027054
0 0.692776 0.343335 0.022523 0.029058
0 0.659618 0.293235 0.016266 0.035070
0 0.750647 0.230609 0.025651 0.034068
0 0.753462 0.146608 0.018769 0.041082
0 0.525421 0.215746 0.020646 0.035070
0 0.548882 0.325967 0.020020 0.039078
0 0.564523 0.317450 0.011261 0.036072
0 0.601435 0.283882 0.016266 0.035070
0 0.620204 0.222760 0.017518 0.043086
0 0.558579 0.114043 0.025651 0.036072
0 0.421046 0.388091 0.028779 0.041082
0 0.378191 0.418652 0.021897 0.042084
0 0.601539 0.069454 0.018143 0.029058
0 0.365991 0.224263 0.013764 0.040080
0 0.351602 0.050917 0.022523 0.040080
0 0.304575 0.495472 0.023148 0.032064
0 0.628871 0.503569 0.016892 0.037199
0 0.929758 0.266564 0.016892 0.042272
0 0.846471 0.267702 0.022523 0.042836
0 0.890461 0.148213 0.023226 0.029309
0 0.909816 0.281981 0.016892 0.033818
0 0.116554 0.851703 0.050676 0.059519
0 0.189189 0.711022 0.027027 0.048697
0 0.306588 0.597395 0.025338 0.037876