0 0.024527 0.960313 0.025136 0.043277
0 0.100249 0.961822 0.033305 0.050322
0 0.106847 0.861681 0.023879 0.045290
0 0.194194 0.905462 0.027649 0.058374
0 0.217445 0.858159 0.023879 0.056361
0 0.169373 0.773115 0.025764 0.055354
0 0.287197 0.849604 0.025136 0.047303
0 0.221844 0.800792 0.025136 0.048309
0 0.300393 0.694612 0.028906 0.053341
0 0.364804 0.661903 0.028278 0.034219
0 0.377372 0.681528 0.023251 0.039251
0 0.466604 0.708199 0.024507 0.044283
0 0.418846 0.806830 0.025764 0.034219
0 0.290968 0.800289 0.025136 0.035225
0 0.449428 0.980911 0.027021 0.038178
0 0.477078 0.875772 0.029535 0.035225
0 0.504727 0.972893 0.020737 0.040258
0 0.496558 0.641271 0.023251 0.039251
0 0.573851 0.534085 0.021994 0.034219
0 0.595530 0.694780 0.025136 0.042271
0 0.643917 0.710380 0.028906 0.037238
0 0.751897 0.935319 0.023251 0.032206
0 0.871606 0.656535 0.020109 0.036232
0 0.733987 0.714406 0.023879 0.029187
0 0.747184 0.638251 0.022622 0.037238
0 0.748126 0.475208 0.020737 0.027174
0 0.819763 0.582394 0.020737 0.036232
0 0.741842 0.426899 0.018224 0.031200
0 0.645383 0.416834 0.020109 0.035225
0 0.673661 0.449041 0.020109 0.037238
0 0.514048 0.460111 0.016338 0.037238
0 0.613335 0.539620 0.018852 0.033213
0 0.862809 0.499363 0.020109 0.035225
0 0.946700 0.535091 0.016967 0.038245
0 0.931932 0.354603 0.017595 0.036232
0 0.904911 0.329945 0.017595 0.043277
0 0.879147 0.312332 0.017595 0.042271
0 0.850241 0.361648 0.020109 0.034219
0 0.794942 0.185017 0.020109 0.035225
0 0.793999 0.663580 0.016967 0.030193
0 0.588618 0.398718 0.021365 0.037238
0 0.465767 0.401235 0.029535 0.040258
0 0.511011 0.321222 0.021994 0.035225
0 0.461682 0.515466 0.026393 0.035225
0 0.510383 0.601013 0.019480 0.043277
0 0.613754 0.201791 0.021365 0.029187
0 0.624751 0.128824 0.020737 0.040258
0 0.360720 0.266204 0.026393 0.045290
0 0.350979 0.356448 0.020737 0.043277
0 0.354750 0.416331 0.024507 0.034219
0 0.257034 0.396706 0.025136 0.041264
0 0.239753 0.428408 0.025764 0.042271
0 0.190738 0.526537 0.024507 0.049316
0 0.387112 0.503221 0.026393 0.040258
0 0.375744 0.980370 0.023700 0.034507
0 0.150718 0.558239 0.022263 0.043708
0 0.699997 0.705276 0.024418 0.033356
0 0.674143 0.501687 0.018672 0.033356
0 0.296746 0.383023 0.022263 0.039107
0 0.413525 0.725309 0.020109 0.044283
0 0.438661 0.610574 0.020109 0.040258