2 0.770784 0.598697 0.099148 0.158796
0 0.811178 0.658687 0.019830 0.036464
0 0.043298 0.874641 0.024917 0.053560
0 0.197392 0.894595 0.028852 0.051460
0 0.302963 0.966989 0.030163 0.066022
0 0.353453 0.679479 0.023606 0.060912
0 0.312798 0.749317 0.027540 0.059861
0 0.272800 0.740391 0.032786 0.056711
0 0.441975 0.958132 0.027540 0.060912
0 0.382960 0.931877 0.019672 0.054610
0 0.531480 0.804278 0.024262 0.045159
0 0.490170 0.758069 0.026884 0.047259
0 0.565250 0.743891 0.023606 0.048309
0 0.635193 0.732339 0.024917 0.042008
0 0.649291 0.717636 0.021639 0.027305
0 0.711257 0.800077 0.030163 0.051460
0 0.764042 0.778548 0.022950 0.037807
0 0.680766 0.675103 0.021639 0.036757
0 0.763714 0.716061 0.024917 0.038857
0 0.753222 0.640972 0.022294 0.035707
0 0.801418 0.711335 0.022950 0.037807
0 0.892890 0.789050 0.024917 0.037807
0 0.945676 0.842610 0.016393 0.039908
0 0.826335 0.608591 0.021639 0.034657
0 0.630275 0.537177 0.026884 0.040958
0 0.639783 0.515648 0.020983 0.039908
0 0.661750 0.494119 0.021639 0.034657
0 0.555851 0.493594 0.026229 0.033606
0 0.496837 0.506721 0.022294 0.040958
0 0.842400 0.367920 0.015737 0.037807
0 0.832564 0.386298 0.019672 0.028355
0 0.802401 0.406252 0.019672 0.040958
0 0.787976 0.461388 0.015737 0.035707
0 0.741747 0.442484 0.016393 0.033606
0 0.685683 0.219492 0.018360 0.039908
0 0.709945 0.210040 0.024917 0.037807
0 0.749616 0.138626 0.019016 0.029406
0 0.787976 0.328187 0.022294 0.032556
0 0.587326 0.245222 0.026229 0.047259
0 0.904038 0.281979 0.014426 0.034657
0 0.546671 0.381222 0.023606 0.039908
0 0.523065 0.307708 0.023606 0.039908
0 0.466346 0.296156 0.020327 0.037807
0 0.486673 0.280403 0.022950 0.035707
0 0.476837 0.461038 0.016393 0.044108
0 0.472247 0.552930 0.028196 0.045159
0 0.434216 0.413779 0.020327 0.037807
0 0.378261 0.447385 0.022950 0.037807
0 0.327006 0.409928 0.022294 0.044108
0 0.259467 0.260800 0.026229 0.050410
0 0.515197 0.689981 0.018360 0.031506
0 0.356185 0.824407 0.021639 0.035707
0 0.923163 0.647273 0.020327 0.039908
0 0.842072 0.524400 0.016393 0.033606
0 0.235319 0.404589 0.027147 0.050725
0 0.193091 0.434783 0.030163 0.043478
0 0.852908 0.884058 0.025639 0.038647
0 0.564096 0.871981 0.027147 0.043478
0 0.502732 0.363199 0.027335 0.041516
0 0.480581 0.348858 0.013196 0.030948