0 0.178601 0.746413 0.032220 0.053799
0 0.225902 0.829308 0.025364 0.039526
0 0.312278 0.853462 0.029478 0.052701
0 0.255379 0.632777 0.032220 0.059289
0 0.211506 0.661872 0.034962 0.060386
0 0.331244 0.682184 0.026735 0.054897
0 0.477260 0.743669 0.033591 0.048309
0 0.405966 0.873225 0.029478 0.043917
0 0.450182 0.845777 0.035647 0.050505
0 0.558838 0.932514 0.028106 0.039526
0 0.529017 0.941297 0.021937 0.043917
0 0.407680 0.662421 0.026050 0.046113
0 0.364492 0.650344 0.030163 0.050505
0 0.460808 0.957766 0.030849 0.037330
0 0.490857 0.653638 0.028792 0.035134
0 0.564550 0.808996 0.021251 0.042819
0 0.623505 0.723357 0.026735 0.040624
0 0.617678 0.819426 0.023308 0.041722
0 0.682803 0.884204 0.024679 0.035134
0 0.677319 0.665166 0.024679 0.040624
0 0.728048 0.661323 0.023308 0.037330
0 0.736960 0.730493 0.027421 0.039526
0 0.719136 0.793076 0.027421 0.032938
0 0.864810 0.866088 0.028106 0.034036
0 0.817966 0.520971 0.022622 0.027448
0 0.772378 0.556105 0.017824 0.036232
0 0.591400 0.521520 0.020566 0.028546
0 0.542385 0.494071 0.019880 0.030742
0 0.513593 0.496267 0.019880 0.032938
0 0.490285 0.539087 0.022622 0.037330
0 0.612994 0.449605 0.022622 0.036232
0 0.747014 0.655468 0.019195 0.032938
0 0.332958 0.463878 0.024679 0.040624
0 0.350781 0.444664 0.020566 0.041722
0 0.400139 0.446860 0.024679 0.037330
0 0.447783 0.491875 0.021251 0.039526
0 0.270575 0.296992 0.026050 0.045015
0 0.508109 0.359574 0.021251 0.045015
0 0.449497 0.125714 0.021937 0.045015
0 0.484458 0.147123 0.015082 0.039526
0 0.555067 0.035134 0.019195 0.041722
0 0.618478 0.265700 0.023993 0.041722
0 0.641786 0.150966 0.013025 0.029644
0 0.669207 0.144379 0.021251 0.038428
0 0.669550 0.305775 0.023308 0.040624
0 0.709310 0.323342 0.020566 0.031840
0 0.512222 0.215195 0.023993 0.041722
0 0.445726 0.211902 0.022622 0.032938
0 0.632646 0.029644 0.026735 0.041722
0 0.719022 0.159201 0.018509 0.037330
0 0.692286 0.155358 0.015767 0.031840
0 0.803912 0.213549 0.020566 0.040624
0 0.808711 0.113636 0.019195 0.031840
0 0.910854 0.122969 0.017824 0.035134
0 0.887204 0.158652 0.017138 0.029644
0 0.718907 0.072464 0.017824 0.035134
0 0.837846 0.398002 0.021251 0.031840
0 0.774092 0.378239 0.013025 0.029644
0 0.705197 0.506148 0.023308 0.028546
0 0.634931 0.625823 0.019880 0.035134
0 0.614365 0.540733 0.018509 0.025253
0 0.706568 0.969660 0.024679 0.036232
0 0.687373 0.855475 0.023308 0.034036
0 0.235728 0.443017 0.025364 0.038428
0 0.417049 0.385375 0.016453 0.039526
0 0.366529 0.248792 0.024130 0.043478
0 0.276039 0.157005 0.027147 0.043478
0 0.399708 0.140097 0.030163 0.043478