0 0.153977 0.888855 0.030163 0.041264
0 0.152092 0.816392 0.031420 0.043277
0 0.175028 0.787205 0.027021 0.049316
0 0.221215 0.905462 0.028906 0.058374
0 0.248237 0.873759 0.030163 0.047303
0 0.359777 0.742921 0.030791 0.031200
0 0.316103 0.657877 0.022622 0.042271
0 0.217445 0.651838 0.023879 0.044283
0 0.346266 0.976919 0.027649 0.044283
0 0.414762 0.962326 0.036447 0.039251
0 0.477287 0.914520 0.023251 0.052335
0 0.552695 0.888352 0.027021 0.044283
0 0.442411 0.689580 0.023879 0.041264
0 0.520647 0.644290 0.018224 0.029187
0 0.636586 0.913513 0.027649 0.042271
0 0.539813 0.698638 0.020109 0.035225
0 0.598254 0.583400 0.018852 0.034219
0 0.646954 0.613090 0.020737 0.031200
0 0.739014 0.705683 0.021365 0.033213
0 0.674604 0.708199 0.016967 0.034219
0 0.762265 0.603529 0.020109 0.030193
0 0.843957 0.785192 0.016338 0.041264
0 0.820182 0.918545 0.024507 0.034219
0 0.917898 0.900429 0.021365 0.040258
0 0.936122 0.820417 0.017595 0.041264
0 0.810128 0.582394 0.024507 0.032206
0 0.757028 0.687567 0.020109 0.035225
0 0.780593 0.813875 0.023251 0.034219
0 0.596787 0.836017 0.022622 0.040258
0 0.909310 0.982958 0.015082 0.032206
0 0.817564 0.789721 0.018852 0.036232
0 0.946385 0.540794 0.016338 0.040258
0 0.930361 0.654019 0.015710 0.033213
0 0.707280 0.530730 0.021994 0.036232
0 0.684658 0.558910 0.021994 0.032206
0 0.612078 0.565452 0.017595 0.035225
0 0.522846 0.539285 0.021365 0.037238
0 0.771063 0.401235 0.017595 0.036232
0 0.743413 0.394693 0.017595 0.031200
0 0.786773 0.343364 0.016338 0.033213
0 0.766978 0.317700 0.021994 0.034219
0 0.697540 0.316190 0.021365 0.033213
0 0.569661 0.392177 0.019480 0.040258
0 0.607051 0.343364 0.023879 0.039251
0 0.523474 0.337326 0.022622 0.039251
0 0.647268 0.288010 0.016338 0.025161
0 0.538242 0.205985 0.021994 0.032206
0 0.647897 0.196927 0.020109 0.026167
0 0.729588 0.162708 0.017595 0.030193
0 0.751582 0.187869 0.017595 0.036232
0 0.704453 0.191895 0.017595 0.032206
0 0.615534 0.046296 0.020737 0.036232
0 0.550495 0.079006 0.022622 0.031200
0 0.586314 0.107689 0.020109 0.034219
0 0.661722 0.105173 0.022622 0.035225
0 0.454351 0.211856 0.022622 0.035225
0 0.371402 0.120773 0.023879 0.040258
0 0.322702 0.195417 0.021994 0.037238
0 0.449323 0.349906 0.026393 0.036232
0 0.259548 0.152140 0.022622 0.041264
0 0.339354 0.282475 0.023879 0.036232
0 0.386170 0.429415 0.027021 0.048309
0 0.615220 0.406267 0.022622 0.034219
0 0.642870 0.426396 0.017595 0.042271
0 0.454455 0.575852 0.015710 0.029187
0 0.518238 0.658380 0.021365 0.027174
0 0.405755 0.597491 0.017595 0.030193
0 0.301650 0.460111 0.021365 0.035225
0 0.323644 0.548175 0.025136 0.040258
0 0.306363 0.596484 0.025764 0.036232
0 0.292015 0.900933 0.027649 0.031200