0 0.152854 0.167134 0.019833 0.035481
0 0.284249 0.061158 0.019125 0.032680
0 0.326041 0.031746 0.020542 0.033613
0 0.400179 0.044818 0.016292 0.035481
0 0.417533 0.067694 0.017000 0.038282
0 0.449408 0.124183 0.024083 0.039216
0 0.354492 0.201214 0.018417 0.034547
0 0.350124 0.366013 0.023375 0.028011
0 0.395103 0.285714 0.021250 0.029879
0 0.324978 0.273576 0.017000 0.033613
0 0.153917 0.369748 0.020542 0.041083
0 0.122750 0.416433 0.026208 0.033613
0 0.351186 0.508559 0.021250 0.037348
0 0.464519 0.434796 0.018417 0.035481
0 0.343041 0.716309 0.020542 0.028945
0 0.058292 0.902116 0.029042 0.036415
0 0.095834 0.860100 0.029042 0.036415
0 0.165604 0.812947 0.022667 0.029879
0 0.185083 0.755991 0.026208 0.031746
0 0.066792 0.820884 0.027625 0.034547
0 0.207750 0.752723 0.014875 0.019608
0 0.357561 0.944444 0.019833 0.021475
0 0.375624 0.901961 0.021958 0.022409
0 0.413874 0.845005 0.019125 0.028011
0 0.370666 0.861345 0.017708 0.025210
0 0.447519 0.957516 0.018417 0.023343
0 0.483290 0.961251 0.023375 0.019608
0 0.566164 0.904295 0.023375 0.025210
0 0.731913 0.944911 0.021958 0.029879
0 0.710427 0.766573 0.016292 0.028011
0 0.774885 0.747899 0.020542 0.028011
0 0.787990 0.961251 0.015583 0.028945
0 0.845010 0.721289 0.020542 0.034547
0 0.876531 0.646592 0.019833 0.021475
0 0.943468 0.562092 0.020542 0.033613
0 0.911947 0.593371 0.017000 0.021475
0 0.756823 0.524276 0.018417 0.030812
0 0.681386 0.615313 0.021958 0.035481
0 0.623303 0.658263 0.019125 0.028011
0 0.562741 0.630252 0.015583 0.028011
0 0.543970 0.643791 0.017708 0.028945
0 0.509616 0.659664 0.019833 0.027077
0 0.626963 0.428727 0.021250 0.030812
0 0.680323 0.478214 0.018417 0.025210
0 0.845010 0.390445 0.016292 0.025210
0 0.800031 0.237784 0.018417 0.033613
0 0.727782 0.212574 0.022667 0.031746
0 0.616574 0.236383 0.021250 0.034547
0 0.575491 0.204637 0.018417 0.045752
0 0.265715 0.311547 0.018417 0.031746
0 0.238910 0.799418 0.017500 0.021420
0 0.201505 0.946206 0.022621 0.020783
0 0.478096 0.880245 0.016452 0.018975
0 0.391383 0.971055 0.019879 0.018072
0 0.575092 0.828288 0.019879 0.027108
0 0.652208 0.747417 0.016452 0.026204
0 0.733323 0.757056 0.017822 0.028011
0 0.715158 0.720460 0.015766 0.028915
0 0.668152 0.061358 0.023274 0.037348
0 0.643867 0.094705 0.021250 0.040016
0 0.504225 0.129385 0.027321 0.040016
0 0.383809 0.211418 0.017202 0.030679
0 0.845235 0.160731 0.023274 0.041350
0 0.776426 0.190743 0.021250 0.037348