0 0.107290 0.988124 0.025196 0.023752
0 0.162072 0.726399 0.022905 0.025664
0 0.202633 0.964171 0.020042 0.027174
0 0.230978 0.688657 0.021760 0.025664
0 0.377953 0.935865 0.017179 0.018871
0 0.302366 0.876233 0.020615 0.020380
0 0.426627 0.915107 0.016034 0.022645
0 0.554610 0.790560 0.017752 0.024155
0 0.520252 0.723380 0.018897 0.022645
0 0.585818 0.779992 0.018324 0.021135
0 0.636210 0.732060 0.019469 0.026419
0 0.688319 0.781502 0.017179 0.021135
0 0.725254 0.793579 0.017752 0.021135
0 0.759612 0.716209 0.021187 0.029438
0 0.821169 0.853211 0.019469 0.022645
0 0.625521 0.946432 0.013743 0.020380
0 0.640695 0.944545 0.017752 0.018116
0 0.720291 0.912842 0.018897 0.030193
0 0.685360 0.893971 0.014316 0.016606
0 0.845697 0.813959 0.017752 0.022645
0 0.903533 0.767160 0.020042 0.025664
0 0.892653 0.842266 0.016606 0.026419
0 0.864594 0.638587 0.017752 0.030193
0 0.826514 0.637832 0.017179 0.025664
0 0.799028 0.684254 0.019469 0.026419
0 0.612350 0.673687 0.012598 0.018871
0 0.589159 0.509385 0.016606 0.032458
0 0.753790 0.434028 0.016034 0.025664
0 0.738329 0.441199 0.014888 0.023400
0 0.630388 0.415912 0.017752 0.031703
0 0.679634 0.352883 0.017752 0.030948
0 0.976257 0.110960 0.020042 0.036232
0 0.771541 0.101902 0.017179 0.031703
0 0.696240 0.116244 0.017752 0.039251
0 0.580378 0.204559 0.016606 0.031703
0 0.496488 0.127944 0.020615 0.030948
0 0.420805 0.194495 0.018897 0.033213
0 0.496679 0.246201 0.018324 0.035477
0 0.572839 0.315519 0.018324 0.027174
0 0.506127 0.362319 0.020042 0.018116
0 0.448291 0.351751 0.022333 0.027174
0 0.388165 0.376661 0.016606 0.025664
0 0.502978 0.460573 0.018324 0.024909
0 0.551079 0.525866 0.021760 0.030193
0 0.543634 0.578326 0.016034 0.023400
0 0.528555 0.678593 0.016034 0.025664
0 0.488757 0.684254 0.015461 0.029438
0 0.358770 0.675196 0.022333 0.024909
0 0.315823 0.683122 0.017752 0.019626
0 0.368791 0.557443 0.019469 0.032458
0 0.338060 0.353387 0.017179 0.027929
0 0.272780 0.511146 0.020615 0.030948
0 0.118552 0.516304 0.020615 0.030193
0 0.364687 0.233998 0.024623 0.030193
0 0.245867 0.304574 0.019469 0.029438
0 0.297117 0.224185 0.025768 0.028684
0 0.221244 0.282684 0.018324 0.026419
0 0.142889 0.170340 0.018897 0.031703
0 0.196143 0.051329 0.018897 0.027174
0 0.178105 0.110205 0.022905 0.030193
0 0.112444 0.615942 0.021760 0.036232
0 0.286333 0.773199 0.018324 0.025664