1 0.477598 0.333810 0.076014 0.141068
2 0.513460 0.661430 0.105641 0.183725
0 0.067568 0.849543 0.033784 0.043846
0 0.302015 0.738062 0.028541 0.052242
0 0.251631 0.869134 0.030289 0.047578
0 0.186393 0.969887 0.025629 0.047578
0 0.238525 0.657832 0.034366 0.055974
0 0.310461 0.878930 0.030289 0.054108
0 0.360360 0.757186 0.032619 0.055041
0 0.438995 0.900853 0.027959 0.045712
0 0.279007 0.500172 0.026794 0.042913
0 0.198625 0.522096 0.029124 0.045712
0 0.383271 0.632644 0.030289 0.042913
0 0.301433 0.461457 0.027377 0.040115
0 0.321820 0.406416 0.029706 0.043846
0 0.433073 0.612120 0.026212 0.037316
0 0.446179 0.704011 0.026794 0.049444
0 0.396668 0.894011 0.026794 0.038249
0 0.516076 0.872088 0.027959 0.037316
0 0.539376 0.938324 0.029124 0.033584
0 0.602866 0.691106 0.031454 0.039182
0 0.576654 0.753610 0.024464 0.035450
0 0.551899 0.733086 0.033201 0.041048
0 0.726643 0.893079 0.027377 0.045712
0 0.829450 0.886548 0.024464 0.036383
0 0.705382 0.638863 0.026794 0.039182
0 0.843721 0.748479 0.026212 0.028920
0 0.906240 0.981238 0.025047 0.026121
0 0.903910 0.796990 0.026212 0.043846
0 0.977594 0.765271 0.022134 0.032651
0 0.935073 0.725623 0.023299 0.037316
0 0.816247 0.634665 0.023299 0.027054
0 0.837217 0.551171 0.026794 0.039182
0 0.739943 0.469542 0.026794 0.034517
0 0.879738 0.390712 0.017474 0.033584
0 0.783628 0.303953 0.024464 0.037316
0 0.785958 0.369256 0.017474 0.029853
0 0.767319 0.381383 0.018639 0.027987
0 0.841294 0.156088 0.015144 0.036383
0 0.895464 0.310483 0.018639 0.029853
0 0.894299 0.135564 0.018639 0.028920
0 0.933617 0.035278 0.016892 0.027987
0 0.905075 0.091252 0.014562 0.033584
0 0.601021 0.117373 0.021552 0.037316
0 0.545977 0.109443 0.023299 0.036383
0 0.568402 0.112242 0.021552 0.034517
0 0.535492 0.234452 0.023299 0.036383
0 0.645872 0.318879 0.026212 0.037316
0 0.566655 0.462545 0.027377 0.044779
0 0.566946 0.535778 0.024464 0.040115
0 0.648785 0.592685 0.022717 0.023322
0 0.403270 0.166350 0.022134 0.041980
0 0.418414 0.189206 0.017474 0.035450
0 0.334537 0.104312 0.024464 0.041048
0 0.301627 0.128568 0.027377 0.048511
0 0.486079 0.517276 0.026212 0.033584
0 0.470352 0.560189 0.028541 0.037316
0 0.509378 0.341891 0.020387 0.029853
0 0.156066 0.958242 0.024236 0.048227
0 0.736389 0.752984 0.023502 0.039993
0 0.711418 0.285615 0.017626 0.039993
0 0.866015 0.103294 0.019830 0.042346
0 0.237466 0.337958 0.023502 0.038817
0 0.453467 0.279845 0.027751 0.034784