0 0.327370 0.445433 0.021250 0.026363
1 0.264246 0.444609 0.147499 0.051079
0 0.227371 0.368814 0.025625 0.028011
0 0.090882 0.844047 0.018526 0.030884
0 0.056010 0.927003 0.019615 0.025856
0 0.211025 0.897197 0.021250 0.023702
0 0.250256 0.972970 0.017981 0.022984
0 0.266057 0.939572 0.013622 0.025138
0 0.273958 0.748881 0.015256 0.025856
0 0.360955 0.957169 0.023974 0.024420
0 0.364497 0.838660 0.019070 0.024420
0 0.435057 0.875649 0.019615 0.023702
0 0.530318 0.897197 0.017981 0.020829
0 0.630029 0.978716 0.015801 0.020111
0 0.633026 0.779047 0.016346 0.025856
0 0.681792 0.866312 0.016891 0.020829
0 0.785589 0.901506 0.018526 0.026575
0 0.712577 0.878522 0.018526 0.025138
0 0.863778 0.886064 0.016891 0.024420
0 0.875493 0.977280 0.016346 0.022984
0 0.827817 0.886782 0.022340 0.025856
0 0.957768 0.800953 0.018526 0.019392
0 0.750990 0.725299 0.020160 0.023702
0 0.785317 0.690105 0.014711 0.028011
0 0.915813 0.709857 0.013077 0.025856
0 0.872496 0.688310 0.019070 0.027293
0 0.660269 0.631090 0.019615 0.031602
0 0.730285 0.586559 0.017981 0.034475
0 0.682881 0.572554 0.019070 0.032321
0 0.663539 0.461347 0.017436 0.030166
0 0.703586 0.327755 0.014711 0.024420
0 0.678250 0.277479 0.021795 0.030166
0 0.790493 0.236419 0.015256 0.026575
0 0.757256 0.174651 0.019615 0.032321
0 0.835717 0.280591 0.021795 0.035912
0 0.737096 0.140774 0.017436 0.031602
0 0.706583 0.101630 0.017436 0.026575
0 0.603421 0.135387 0.017436 0.029448
0 0.569095 0.308482 0.018526 0.033757
0 0.530409 0.285499 0.023974 0.032321
0 0.477829 0.193205 0.016891 0.033039
0 0.472653 0.153703 0.016346 0.030166
0 0.359593 0.179918 0.017981 0.032321
0 0.390105 0.080442 0.019070 0.028729
0 0.463390 0.298068 0.014167 0.035912
0 0.426612 0.339367 0.019070 0.026575
0 0.355779 0.384256 0.021250 0.035912
0 0.476739 0.522876 0.017981 0.028729
0 0.500986 0.562738 0.018526 0.026575
0 0.526323 0.536163 0.016891 0.023702
0 0.576723 0.619479 0.020705 0.028011
0 0.630392 0.598650 0.012532 0.030884
0 0.425794 0.499533 0.017436 0.029448
0 0.393919 0.548732 0.020160 0.028729
0 0.414897 0.593622 0.021795 0.025138
0 0.381660 0.618401 0.020705 0.024420
0 0.573999 0.753190 0.013077 0.025856
0 0.342974 0.692140 0.019615 0.027293
0 0.389833 0.713687 0.019615 0.025856
0 0.209481 0.660179 0.022884 0.026575
0 0.238359 0.596256 0.021795 0.028011
0 0.252526 0.484690 0.021795 0.028011
0 0.165892 0.372645 0.020705 0.025138
0 0.147366 0.350739 0.020705 0.025856
0 0.278952 0.238574 0.021250 0.030884
0 0.261244 0.251861 0.019615 0.030166
0 0.164257 0.151308 0.021795 0.034475
0 0.232093 0.136465 0.014711 0.028729
0 0.311099 0.092293 0.019070 0.029448
0 0.020684 0.114918 0.024519 0.031602
0 0.017415 0.267902 0.023429 0.034475
0 0.084162 0.251742 0.027243 0.040939
0 0.034851 0.567406 0.024519 0.040221
0 0.095876 0.938495 0.020160 0.031602
0 0.431969 0.425675 0.015256 0.021547
0 0.869035 0.135208 0.023702 0.031243
0 0.706936 0.726316 0.018798 0.033398
0 0.401265 0.837822 0.020433 0.036630
0 0.294198 0.986246 0.018798 0.027508