0 0.067951 0.867669 0.028409 0.045049
0 0.014588 0.858394 0.026106 0.042399
0 0.149724 0.653688 0.026106 0.043724
0 0.097512 0.536430 0.029177 0.034449
0 0.368934 0.914043 0.026873 0.037099
0 0.417307 0.811358 0.028409 0.035774
0 0.433047 0.615927 0.027641 0.042399
0 0.386978 0.552329 0.027641 0.039749
0 0.235719 0.805396 0.029177 0.037099
0 0.321330 0.844482 0.029945 0.035774
0 0.232264 0.912718 0.028409 0.039749
0 0.224969 0.676213 0.032248 0.043724
0 0.063345 0.624539 0.029945 0.035774
0 0.341677 0.451632 0.023034 0.034449
0 0.243397 0.460245 0.026106 0.041074
0 0.118627 0.466207 0.028409 0.037099
0 0.286394 0.249576 0.029177 0.043724
0 0.355114 0.236327 0.022267 0.046374
0 0.316723 0.155946 0.025338 0.038424
0 0.105958 0.204086 0.021499 0.046374
0 0.241861 0.181562 0.029177 0.054323
0 0.075246 0.302795 0.027641 0.050348
0 0.384291 0.079540 0.026873 0.051673
0 0.462224 0.314057 0.026106 0.046374
0 0.507908 0.274309 0.026873 0.054323
0 0.537469 0.247147 0.024570 0.042399
0 0.567542 0.449203 0.020731 0.038424
0 0.650082 0.383618 0.024570 0.045049
0 0.565494 0.266580 0.023802 0.039749
0 0.674524 0.164337 0.023802 0.046374
0 0.736717 0.270996 0.022267 0.047698
0 0.544764 0.754606 0.023802 0.045049
0 0.050292 0.942088 0.026873 0.027824
0 0.109797 0.961300 0.023034 0.031799
0 0.498311 0.192477 0.023649 0.043724
0 0.588682 0.612224 0.035473 0.055383
0 0.405850 0.687865 0.027560 0.032217
0 0.590920 0.273641 0.017781 0.041422
0 0.623370 0.105139 0.020448 0.049093
0 0.663377 0.034568 0.024004 0.049093
0 0.192627 0.067552 0.024893 0.047559