0 0.072870 0.888455 0.034054 0.046451
0 0.016360 0.944197 0.023690 0.039019
0 0.353203 0.897281 0.025171 0.051096
0 0.311498 0.834572 0.029613 0.050167
0 0.259923 0.826675 0.024184 0.041806
0 0.281639 0.758392 0.028132 0.046451
0 0.063246 0.578781 0.028626 0.040877
0 0.238948 0.447789 0.028626 0.044593
0 0.368996 0.440821 0.030106 0.052954
0 0.298420 0.220953 0.029119 0.039948
0 0.141226 0.202837 0.028626 0.046451
0 0.465237 0.776508 0.026158 0.054812
0 0.550867 0.677103 0.024677 0.051096
0 0.747873 0.656200 0.026158 0.065032
0 0.794760 0.595813 0.026158 0.055741
0 0.834737 0.796482 0.030106 0.061315
0 0.979756 0.479376 0.030600 0.053883
0 0.614040 0.437105 0.024677 0.065961
0 0.728296 0.071999 0.026158 0.060386
0 0.825524 0.086864 0.030106 0.071535
0 0.501985 0.458205 0.031497 0.070268
0 0.580213 0.091385 0.023739 0.055556
0 0.393827 0.340378 0.023098 0.042271
0 0.732595 0.358696 0.026947 0.055556
0 0.230525 0.195652 0.029514 0.053140
0 0.537213 0.408213 0.032080 0.053140
0 0.763700 0.208937 0.028231 0.050725
0 0.659118 0.486715 0.026947 0.060386