0 0.032111 0.415660 0.017497 0.042271
0 0.110410 0.634561 0.014872 0.024155
0 0.263071 0.541717 0.013998 0.022645
0 0.340058 0.528885 0.017497 0.027174
0 0.361054 0.456421 0.017497 0.027174
0 0.497093 0.367351 0.021871 0.030193
0 0.575392 0.583233 0.015747 0.027174
0 0.351868 0.640600 0.018372 0.024155
0 0.110847 0.756844 0.017497 0.030193
0 0.149341 0.699477 0.017497 0.030193
0 0.046108 0.814211 0.013998 0.021135
0 0.018988 0.616445 0.019247 0.027174
0 0.137093 0.430002 0.019247 0.034722
0 0.308126 0.700986 0.018372 0.021135
0 0.149533 0.943429 0.020692 0.027305
0 0.185136 0.895645 0.016432 0.022054
0 0.317504 0.833158 0.018258 0.025205
0 0.322677 0.897746 0.015215 0.028355
0 0.527874 0.554505 0.017041 0.025205
0 0.600601 0.747742 0.021301 0.027305
0 0.726782 0.263950 0.015215 0.033606
0 0.709741 0.184310 0.015215 0.040958
0 0.628799 0.038857 0.009129 0.023104
0 0.614801 0.151229 0.016432 0.033606
0 0.703351 0.055661 0.013389 0.033606
0 0.444193 0.137051 0.015215 0.028355
0 0.309694 0.362319 0.017649 0.027305
0 0.333429 0.199538 0.017649 0.025205
0 0.206234 0.177484 0.016432 0.025205
0 0.282916 0.138626 0.017649 0.029406
0 0.305738 0.084541 0.015823 0.026255
0 0.050942 0.217391 0.014606 0.027305
0 0.011992 0.274102 0.015823 0.027305
0 0.083806 0.234720 0.014606 0.036757
0 0.133102 0.211090 0.014606 0.023104
0 0.126711 0.270951 0.015215 0.023104
0 0.207045 0.530001 0.013998 0.025205
0 0.215261 0.546804 0.020692 0.029406
0 0.218608 0.810054 0.013998 0.029406
0 0.310911 0.878842 0.015215 0.017853
0 0.395810 0.819506 0.017041 0.023104
0 0.408143 0.130703 0.022396 0.033816
0 0.129591 0.045089 0.012131 0.038647