0 0.046165 0.647599 0.017498 0.023057
0 0.116741 0.643756 0.015165 0.037330
0 0.190818 0.546040 0.018665 0.032938
0 0.209483 0.560862 0.018665 0.034036
0 0.266644 0.655285 0.016332 0.031840
0 0.131323 0.862246 0.022165 0.035134
0 0.341012 0.966550 0.021581 0.041722
0 0.263728 0.885302 0.019831 0.028546
0 0.384175 0.776607 0.019248 0.032938
0 0.501122 0.901771 0.020998 0.035134
0 0.429379 0.966001 0.019831 0.029644
0 0.056372 0.436978 0.015749 0.024155
0 0.035082 0.476504 0.017498 0.030742
0 0.289100 0.379337 0.013415 0.034036
0 0.254687 0.439174 0.016915 0.030742
0 0.186152 0.368906 0.016332 0.026350
0 0.376009 0.536891 0.019248 0.032938
0 0.439294 0.293149 0.020998 0.028546
0 0.363468 0.408432 0.019831 0.037330
0 0.012043 0.290953 0.014582 0.028546
0 0.264603 0.152613 0.018082 0.028546
0 0.151155 0.443566 0.016332 0.032938
0 0.101285 0.149868 0.015749 0.027448
0 0.316806 0.123518 0.023331 0.023057
0 0.503455 0.057093 0.013999 0.035134
0 0.538160 0.074660 0.014582 0.032938
0 0.752321 0.262407 0.018665 0.028546
0 0.474680 0.493522 0.020998 0.031840
0 0.722282 0.390865 0.014582 0.035134
0 0.915639 0.327734 0.016332 0.034036
0 0.798400 0.509076 0.017498 0.037330
0 0.892016 0.561777 0.016915 0.024155
0 0.902806 0.593068 0.013999 0.031840
0 0.987382 0.708169 0.017498 0.030742
0 0.903098 0.809179 0.018082 0.030742
0 0.511232 0.721161 0.018665 0.027448
0 0.438322 0.502123 0.012832 0.035134
0 0.039165 0.819975 0.018665 0.027448