0 0.108464 0.426290 0.032006 0.030683
0 0.122688 0.556694 0.032006 0.033752
0 0.111575 0.590446 0.034673 0.027615
0 0.274716 0.521409 0.030228 0.033752
0 0.183144 0.611924 0.032006 0.039888
0 0.064456 0.769176 0.027560 0.041422
0 0.147137 0.789120 0.031117 0.041422
0 0.126245 0.876567 0.030228 0.035286
0 0.032895 0.923359 0.030228 0.036820
0 0.253823 0.931797 0.027560 0.038354
0 0.392514 0.786051 0.027560 0.029149
0 0.418741 0.799092 0.028450 0.036820
0 0.361842 0.740794 0.030228 0.039888
0 0.328947 0.593514 0.035562 0.046025
0 0.313834 0.555160 0.030228 0.036820
0 0.266714 0.545955 0.028450 0.042957
0 0.242858 0.897278 0.027560 0.039888
0 0.370881 0.906483 0.027560 0.039888
0 0.531354 0.745396 0.028450 0.039888
0 0.546912 0.604253 0.022226 0.036820
0 0.545578 0.565132 0.028450 0.038354
0 0.475788 0.510669 0.025782 0.033752
0 0.512492 0.853095 0.028153 0.036706
0 0.551280 0.794797 0.024399 0.043184
0 0.723015 0.538033 0.020020 0.048582
0 0.567651 0.359360 0.025025 0.049661
0 0.600392 0.147039 0.026276 0.041025
0 0.675780 0.221532 0.025651 0.060457
0 0.697990 0.313297 0.026276 0.047502
0 0.526255 0.068589 0.024399 0.045343
0 0.485277 0.265615 0.023774 0.050741
0 0.327724 0.237546 0.023148 0.057219
0 0.319903 0.068049 0.027528 0.048582
0 0.257341 0.360619 0.025025 0.055059
0 0.399045 0.331470 0.028153 0.048582
0 0.249416 0.254279 0.032533 0.049661
0 0.123665 0.094499 0.025025 0.032388
0 0.089569 0.249421 0.024399 0.031308
0 0.094261 0.334709 0.027528 0.031308
0 0.131798 0.309339 0.027528 0.034547
0 0.194361 0.395167 0.025025 0.031308
0 0.635135 0.494170 0.033784 0.052468
0 0.539696 0.498543 0.028716 0.043724
0 0.412162 0.507287 0.027027 0.043724
0 0.166280 0.222927 0.026394 0.038258
0 0.631334 0.714514 0.025338 0.040080