0 0.066667 0.945552 0.020122 0.027174
0 0.118284 0.900262 0.018372 0.039251
0 0.174711 0.813456 0.026245 0.025664
0 0.150216 0.664000 0.019247 0.022645
0 0.078040 0.612671 0.020122 0.025664
0 0.048733 0.540207 0.020996 0.022645
0 0.152403 0.478311 0.018372 0.028684
0 0.281443 0.387731 0.019247 0.034722
0 0.329122 0.379428 0.018372 0.030193
0 0.364991 0.397544 0.013123 0.042271
0 0.374177 0.577194 0.019247 0.033213
0 0.298502 0.747786 0.020122 0.030193
0 0.287379 0.822656 0.013998 0.021004
0 0.300464 0.841560 0.018258 0.023104
0 0.234432 0.925576 0.015215 0.025205
0 0.357367 0.903522 0.018866 0.027305
0 0.424008 0.919275 0.018258 0.021004
0 0.484563 0.560106 0.018866 0.033606
0 0.467826 0.553280 0.019475 0.024155
0 0.589037 0.429532 0.016432 0.023104
0 0.642593 0.435133 0.015215 0.023104
0 0.461538 0.324862 0.013389 0.027305
0 0.488011 0.218266 0.012780 0.026255
0 0.727999 0.155254 0.015215 0.028355
0 0.669878 0.361619 0.014606 0.033606
0 0.532337 0.153329 0.013389 0.029406
0 0.569765 0.153329 0.015215 0.044108
0 0.680224 0.031506 0.013389 0.037807
0 0.743097 0.192820 0.010136 0.027486
0 0.686599 0.108696 0.012351 0.026996
0 0.527685 0.106564 0.017291 0.031259
0 0.454815 0.060386 0.014821 0.026996
0 0.563639 0.385375 0.015906 0.032938
0 0.373081 0.331028 0.016543 0.031840
0 0.309456 0.115283 0.013998 0.032938
0 0.305002 0.077404 0.012725 0.025253
0 0.270326 0.062582 0.018451 0.024155
0 0.209246 0.093874 0.017179 0.018665
0 0.437024 0.187198 0.019724 0.029644
0 0.528327 0.074660 0.010180 0.026350
0 0.534689 0.045564 0.011453 0.029644
0 0.100022 0.095520 0.018451 0.028546
0 0.169692 0.026350 0.017815 0.028546
0 0.064710 0.362319 0.012725 0.035134
0 0.136607 0.361221 0.020360 0.028546
0 0.269902 0.208608 0.014634 0.024155
0 0.274992 0.343654 0.023541 0.026350
0 0.166192 0.641744 0.019724 0.023057
0 0.065982 0.782645 0.021633 0.025253
0 0.054530 0.801859 0.025450 0.024155
0 0.185598 0.852913 0.021633 0.023057
0 0.213275 0.930867 0.015906 0.025253
0 0.279764 0.979725 0.013998 0.019763
0 0.316790 0.478171 0.017108 0.029522
0 0.225805 0.739622 0.013998 0.017445
0 0.527531 0.730229 0.018663 0.022813
0 0.353468 0.950975 0.014775 0.021471
0 0.492060 0.693164 0.015270 0.035134
0 0.482517 0.667911 0.016543 0.024155
0 0.458657 0.220502 0.013361 0.027448
0 0.021126 0.672852 0.014634 0.018665