0 0.128783 0.755726 0.017822 0.038916
0 0.207201 0.623546 0.014971 0.037574
0 0.330532 0.706745 0.016397 0.037574
0 0.258173 0.692655 0.015684 0.036232
0 0.427486 0.871802 0.023526 0.040258
0 0.342295 0.928162 0.021387 0.029522
0 0.240351 0.472580 0.022813 0.036232
0 0.328750 0.241099 0.019961 0.042941
0 0.411446 0.205314 0.014258 0.034890
0 0.381504 0.230140 0.019961 0.028180
0 0.484161 0.283816 0.019961 0.036232
0 0.434615 0.327429 0.016397 0.032206
0 0.346929 0.383790 0.016397 0.032206
0 0.529786 0.134192 0.022813 0.032206
0 0.573273 0.151637 0.021387 0.029522
0 0.560085 0.255636 0.016397 0.030864
0 0.414060 0.785248 0.015684 0.033548
0 0.501033 0.607443 0.017110 0.026838
0 0.457903 0.779880 0.014971 0.036232
0 0.589076 0.941582 0.017822 0.029522
0 0.508875 0.926821 0.017110 0.026838
0 0.714189 0.672526 0.019961 0.041600
0 0.676049 0.647701 0.014971 0.037574
0 0.768013 0.634953 0.016397 0.028180
0 0.517073 0.057032 0.017822 0.020129
0 0.797241 0.745661 0.020674 0.034890
0 0.966910 0.667830 0.017822 0.029522
0 0.911305 0.567857 0.016397 0.033548
0 0.899898 0.592682 0.017822 0.037574
0 0.988654 0.988549 0.018535 0.021471
0 0.914156 0.181607 0.016397 0.032206
0 0.871382 0.213813 0.016397 0.032206
0 0.608205 0.104670 0.014258 0.026838
0 0.804251 0.495169 0.027090 0.034890
0 0.605223 0.350242 0.021815 0.043478
0 0.516682 0.480676 0.021815 0.043478
0 0.272230 0.119565 0.017965 0.031401