0 0.165292 0.777308 0.014971 0.026167
0 0.165560 0.891036 0.016575 0.036232
0 0.213680 0.767747 0.015505 0.039251
0 0.269553 0.760199 0.016040 0.040258
0 0.096320 0.731515 0.017110 0.027174
0 0.038575 0.711386 0.016040 0.031200
0 0.367131 0.847759 0.021922 0.026167
0 0.419796 0.983125 0.014971 0.033213
0 0.440114 0.954442 0.014971 0.038245
0 0.395201 0.721954 0.017110 0.030193
0 0.078675 0.620639 0.018179 0.032206
0 0.025476 0.582897 0.013367 0.031200
0 0.036704 0.405260 0.015505 0.036232
0 0.154064 0.519995 0.014971 0.028180
0 0.065843 0.330951 0.017110 0.025161
0 0.080814 0.292707 0.017110 0.021135
0 0.153797 0.354100 0.017644 0.021135
0 0.152460 0.411970 0.019248 0.028180
0 0.087230 0.257984 0.014971 0.022142
0 0.337457 0.437466 0.017110 0.024155
0 0.571108 0.496176 0.018179 0.028180
0 0.418192 0.602858 0.016040 0.032206
0 0.425677 0.645129 0.020318 0.034219
0 0.344942 0.632548 0.014971 0.019122
0 0.479679 0.709541 0.019248 0.026167
0 0.527265 0.863191 0.016040 0.034219
0 0.594723 0.712728 0.017644 0.027174
0 0.623061 0.717760 0.015505 0.041264
0 0.855910 0.920055 0.013901 0.031200
0 0.530206 0.346216 0.015505 0.032206
0 0.652913 0.169585 0.017110 0.037238
0 0.735252 0.138889 0.023526 0.024155
0 0.814384 0.064412 0.017110 0.028180
0 0.818394 0.197262 0.020852 0.036232
0 0.937715 0.168747 0.014971 0.032206
0 0.944933 0.401235 0.017644 0.032206
0 0.662359 0.524859 0.016040 0.027174
0 0.090745 0.864030 0.012832 0.027174