0 0.044693 0.704273 0.037303 0.034007
0 0.131264 0.806294 0.042934 0.048582
0 0.180180 0.432214 0.036599 0.043724
0 0.334671 0.459542 0.037303 0.049796
0 0.252675 0.509338 0.032376 0.044938
0 0.368806 0.345375 0.033784 0.061942
0 0.487753 0.399422 0.026745 0.046153
0 0.263835 0.260304 0.035393 0.052746
0 0.298021 0.352609 0.028153 0.043030
0 0.380068 0.038228 0.026212 0.049252
0 0.451615 0.261871 0.030289 0.048247
0 0.607817 0.251820 0.030871 0.060308
0 0.602283 0.592730 0.025629 0.049252
0 0.443558 0.737303 0.041356 0.040206
0 0.439480 0.795601 0.035531 0.042216
0 0.300559 0.857417 0.037279 0.039200
0 0.152318 0.963962 0.033201 0.041211
0 0.637523 0.686543 0.026212 0.035180
0 0.759456 0.239256 0.021552 0.055283
0 0.746738 0.099206 0.023299 0.049252
0 0.601410 0.341948 0.025047 0.050257
0 0.243397 0.654172 0.035319 0.047698
0 0.396192 0.462054 0.033784 0.045049
0 0.446160 0.164529 0.028958 0.061074
0 0.703516 0.291813 0.030030 0.051821
0 0.447792 0.583303 0.029092 0.048582
0 0.333146 0.207604 0.028153 0.042104