0 0.025775 0.925926 0.034722 0.053993
0 0.211086 0.633229 0.032458 0.048309
0 0.227315 0.570001 0.034722 0.046888
0 0.296382 0.484039 0.020380 0.073885
0 0.131452 0.473383 0.031703 0.041205
0 0.074462 0.582078 0.030948 0.048309
0 0.070310 0.423653 0.034722 0.044047
0 0.321292 0.891115 0.030948 0.069622
0 0.425458 0.596287 0.029438 0.071043
0 0.463200 0.583499 0.024909 0.062518
0 0.564347 0.628256 0.033967 0.066780
0 0.566234 0.864829 0.031703 0.073885
0 0.394510 0.339348 0.026419 0.063939
0 0.431119 0.116274 0.027174 0.058255
0 0.229202 0.286777 0.029438 0.049730
0 0.298647 0.072464 0.026419 0.053993
0 0.195235 0.193237 0.027929 0.051151
0 0.609385 0.224496 0.026419 0.056834
0 0.753181 0.251492 0.028684 0.059676
0 0.698078 0.181159 0.028684 0.058255
0 0.750539 0.477408 0.030948 0.068201
0 0.923395 0.508667 0.027929 0.065359
0 0.462571 0.923084 0.028684 0.065359
0 0.226309 0.711376 0.027174 0.051151