0 0.074307 0.542069 0.015399 0.035024
0 0.017525 0.587359 0.022456 0.026570
0 0.034848 0.812601 0.017323 0.039855
0 0.188192 0.601248 0.018607 0.025362
0 0.224763 0.493760 0.017323 0.022947
0 0.250749 0.732287 0.019248 0.033816
0 0.300794 0.690620 0.019248 0.032609
0 0.363030 0.826490 0.017965 0.031401
0 0.424624 0.837359 0.017965 0.033816
0 0.191400 0.850040 0.016040 0.037440
0 0.420026 0.920692 0.018607 0.036232
0 0.519154 0.889895 0.020531 0.032609
0 0.544818 0.687601 0.019248 0.038647
0 0.564066 0.636876 0.020531 0.033816
0 0.685437 0.811997 0.018607 0.036232
0 0.703081 0.940016 0.016682 0.041063
0 0.764034 0.900765 0.026947 0.030193
0 0.732916 0.603060 0.018607 0.048309
0 0.872144 0.611514 0.014757 0.050725
0 0.923152 0.250403 0.016682 0.033816
0 0.805417 0.310789 0.018607 0.038647
0 0.428153 0.060588 0.014757 0.032609
0 0.319721 0.369767 0.017323 0.037440
0 0.568344 0.400564 0.015399 0.026570
0 0.417566 0.486312 0.017965 0.033816
0 0.528564 0.570250 0.015399 0.027778
0 0.607161 0.385467 0.018607 0.035024
0 0.168516 0.288647 0.017323 0.021739
0 0.045007 0.470612 0.015399 0.031401
0 0.243905 0.788043 0.021815 0.027778
0 0.371264 0.565016 0.017323 0.027778