0 0.117487 0.761817 0.021890 0.029838
0 0.164287 0.574974 0.021890 0.039784
0 0.206935 0.802311 0.019626 0.031259
0 0.183912 0.988538 0.017361 0.022923
0 0.048798 0.506773 0.014342 0.034101
0 0.591898 0.616179 0.019626 0.039784
0 0.454519 0.639623 0.019626 0.024155
0 0.441687 0.450649 0.019626 0.026996
0 0.924150 0.559345 0.014342 0.042626
0 0.885653 0.191342 0.020380 0.039784
0 0.665746 0.547267 0.020380 0.041205
0 0.737078 0.404945 0.021135 0.036942
0 0.320788 0.201762 0.020380 0.039784
0 0.458922 0.073174 0.018871 0.032680
0 0.424955 0.183291 0.021890 0.036942
0 0.360794 0.257175 0.017361 0.036942
0 0.355888 0.039074 0.016606 0.035521
0 0.381930 0.415838 0.020380 0.028417
0 0.297011 0.430757 0.016606 0.029838
0 0.407216 0.677986 0.016606 0.024155
0 0.255999 0.456095 0.018116 0.031259
0 0.279776 0.189685 0.020380 0.024155
0 0.095452 0.756844 0.015749 0.026350