0 0.041534 0.368070 0.032080 0.041408
0 0.166647 0.403439 0.029331 0.039683
0 0.225766 0.580285 0.033913 0.044859
0 0.149690 0.639809 0.028414 0.050035
0 0.030076 0.738153 0.029331 0.050035
0 0.173063 0.878767 0.034830 0.041408
0 0.367836 0.940016 0.026581 0.060386
0 0.148621 0.237233 0.031164 0.046584
0 0.386127 0.710548 0.021815 0.048309
0 0.429115 0.597021 0.032080 0.065217
0 0.844448 0.745572 0.024381 0.062802
0 0.904438 0.738929 0.028872 0.064010
0 0.861130 0.532609 0.029514 0.055556
0 0.735375 0.553140 0.029514 0.057971
0 0.569520 0.643116 0.028872 0.059179
0 0.605450 0.523551 0.025023 0.068841
0 0.943363 0.475040 0.023739 0.072464
0 0.680304 0.191224 0.032722 0.053140
0 0.425907 0.265298 0.023098 0.048309
0 0.197281 0.413245 0.019248 0.035024
0 0.881756 0.328502 0.030797 0.057971
0 0.735470 0.113527 0.035930 0.072464
0 0.256190 0.408213 0.037213 0.072464
0 0.791931 0.712560 0.025664 0.072464
0 0.941425 0.649758 0.024381 0.057971
0 0.475619 0.821256 0.034647 0.077295
0 0.385794 0.342995 0.032080 0.057971
0 0.955540 0.137681 0.026947 0.072464
0 0.330616 0.094203 0.024381 0.053140
0 0.222826 0.297101 0.032080 0.048309
0 0.569293 0.258454 0.034647 0.067633