0 0.279776 0.559345 0.020380 0.031259
0 0.259430 0.743528 0.024184 0.042735
0 0.341605 0.739347 0.022703 0.026942
0 0.232778 0.382757 0.018261 0.037161
0 0.337409 0.352100 0.011351 0.035303
0 0.285587 0.599220 0.020235 0.031587
0 0.278678 0.230398 0.017274 0.029729
0 0.482758 0.242165 0.018755 0.035303
0 0.513358 0.730367 0.024677 0.026942
0 0.332707 0.548271 0.015887 0.032206
0 0.449418 0.808795 0.015887 0.031056
0 0.348798 0.892761 0.015887 0.035657
0 0.646788 0.869182 0.018332 0.034507
0 0.806273 0.702975 0.018332 0.033356
0 0.670314 0.494977 0.017721 0.025305
0 0.828882 0.478299 0.015887 0.026455
0 0.572851 0.488459 0.013443 0.032206
0 0.608597 0.325128 0.015276 0.036807
0 0.640372 0.190169 0.021387 0.032206
0 0.833771 0.058661 0.019554 0.029906
0 0.912495 0.446477 0.016498 0.031056
0 0.936020 0.705084 0.014665 0.034507
0 0.731623 0.842727 0.014054 0.029906
0 0.412144 0.662142 0.014665 0.034507
0 0.315495 0.383214 0.014054 0.026455
0 0.299704 0.245859 0.019248 0.032781
0 0.800309 0.168219 0.021998 0.032781
0 0.515253 0.407177 0.018332 0.034507
0 0.379141 0.462388 0.017415 0.034507
0 0.415568 0.838207 0.022287 0.035596
0 0.374707 0.931647 0.017560 0.036868