0 0.050307 0.521692 0.032458 0.032680
0 0.335256 0.618310 0.027174 0.069622
0 0.205802 0.853462 0.029438 0.062518
0 0.129942 0.812257 0.034722 0.053993
0 0.422816 0.746898 0.031703 0.079568
0 0.519435 0.545136 0.028684 0.088093
0 0.573405 0.534479 0.030948 0.080989
0 0.326575 0.387421 0.038496 0.068201
0 0.162022 0.311642 0.027929 0.056834
0 0.449990 0.266174 0.028684 0.045467
0 0.473013 0.316615 0.029438 0.080989
0 0.366581 0.393341 0.029438 0.055413
0 0.219012 0.614995 0.025664 0.072464
0 0.214106 0.117931 0.030948 0.082410
0 0.164664 0.363029 0.031703 0.041205
0 0.533776 0.116510 0.034722 0.073885
0 0.362807 0.222601 0.023400 0.048309
0 0.199386 0.785261 0.036232 0.045467
0 0.665872 0.515298 0.028684 0.062518
0 0.565857 0.749029 0.023400 0.061097
0 0.714936 0.703562 0.033213 0.058255
0 0.922263 0.968552 0.024155 0.059676
0 0.953588 0.419390 0.026419 0.063939
0 0.825644 0.145401 0.027174 0.065359
0 0.721478 0.091645 0.030193 0.078147
0 0.985286 0.682249 0.029428 0.078147