0 0.231714 0.637480 0.021815 0.027778
0 0.323143 0.621779 0.013474 0.039855
0 0.347203 0.724436 0.023098 0.035024
0 0.286892 0.895934 0.017965 0.039855
0 0.141248 0.525161 0.016682 0.027778
0 0.141248 0.328905 0.016682 0.026570
0 0.108205 0.430354 0.018607 0.026570
0 0.284647 0.084541 0.018607 0.028986
0 0.318652 0.053140 0.018607 0.036232
0 0.195463 0.252415 0.017323 0.024155
0 0.025117 0.257850 0.015399 0.030193
0 0.475525 0.141908 0.014115 0.030193
0 0.428687 0.146739 0.016682 0.030193
0 0.351053 0.104469 0.017965 0.037440
0 0.430612 0.420290 0.023098 0.038647
0 0.451144 0.482488 0.023098 0.035024
0 0.595826 0.435386 0.019890 0.025362
0 0.471996 0.496981 0.018607 0.032609
0 0.670573 0.592391 0.017965 0.025362
0 0.477129 0.286836 0.021173 0.037440
0 0.419063 0.328502 0.016682 0.033816
0 0.628548 0.102053 0.017323 0.035024
0 0.665761 0.164251 0.014757 0.033816
0 0.831295 0.428341 0.014757 0.043478
0 0.976084 0.438406 0.013474 0.036232
0 0.764996 0.568237 0.019890 0.035024
0 0.531772 0.830113 0.017965 0.043478
0 0.596574 0.885668 0.023098 0.036232
0 0.737728 0.792673 0.021815 0.031401
0 0.494238 0.822866 0.017323 0.038647
0 0.467291 0.848833 0.017323 0.035024
0 0.137184 0.291063 0.017965 0.021739
0 0.062758 0.426329 0.017965 0.026570
0 0.124994 0.161836 0.014115 0.019324
0 0.117277 0.819773 0.024989 0.034325
0 0.094652 0.800703 0.020261 0.047038
0 0.531957 0.532460 0.022287 0.036868
0 0.786686 0.448767 0.018911 0.038139
0 0.095327 0.628443 0.017560 0.027968
0 0.340488 0.387109 0.014858 0.024155
0 0.243572 0.416984 0.018235 0.038139