0 0.035661 0.578715 0.030030 0.040485
0 0.059122 0.748751 0.031907 0.046962
0 0.033315 0.814337 0.036599 0.038865
0 0.167511 0.645110 0.030968 0.040485
0 0.129505 0.436208 0.030030 0.040485
0 0.062406 0.381959 0.030968 0.045343
0 0.283408 0.386007 0.033784 0.043724
0 0.226164 0.453212 0.031907 0.045343
0 0.311092 0.570618 0.034722 0.043724
0 0.388514 0.448354 0.030030 0.055059
0 0.451858 0.586002 0.040353 0.042104
0 0.384291 0.761707 0.027215 0.037246
0 0.234140 0.911500 0.029092 0.035627
0 0.217718 0.947127 0.035661 0.035627
0 0.512387 0.919058 0.030030 0.048582
0 0.550863 0.629186 0.024399 0.035627
0 0.619839 0.558743 0.023461 0.034007
0 0.746997 0.504223 0.022523 0.053440
0 0.572917 0.488839 0.029092 0.048582
0 0.574794 0.403821 0.027215 0.050201
0 0.726977 0.231085 0.026276 0.056679
0 0.656125 0.061049 0.029092 0.066395
0 0.543981 0.227846 0.031907 0.063156
0 0.496121 0.242421 0.026276 0.063156
0 0.517705 0.070765 0.028153 0.059918
0 0.481106 0.068336 0.026276 0.048582
0 0.381632 0.179804 0.022523 0.046962
0 0.377878 0.131223 0.022523 0.046962
0 0.311249 0.065637 0.024399 0.051821
0 0.296703 0.062398 0.027215 0.051821
0 0.133571 0.149846 0.024399 0.051821
0 0.166416 0.302069 0.030030 0.051821
0 0.287162 0.327169 0.030030 0.046962
0 0.433559 0.426762 0.026276 0.061537
0 0.201962 0.826707 0.027560 0.058298
0 0.107723 0.934098 0.029339 0.039888
0 0.012743 0.885772 0.025486 0.035286