0 0.085637 0.838126 0.037885 0.050610
0 0.107635 0.732306 0.034219 0.041408
0 0.316005 0.819147 0.031775 0.047159
0 0.090831 0.480408 0.027497 0.055210
0 0.283924 0.549996 0.034830 0.051760
0 0.475490 0.589679 0.032997 0.062112
0 0.275064 0.180201 0.030553 0.059811
0 0.563889 0.355034 0.030553 0.059811
0 0.645770 0.317652 0.029331 0.077065
0 0.640881 0.542520 0.042774 0.062112
0 0.744761 0.328004 0.028108 0.070163
0 0.809125 0.143777 0.028108 0.073614
0 0.835808 0.671153 0.024442 0.072464
0 0.914328 0.466989 0.029942 0.078215
0 0.661657 0.602715 0.028108 0.066713
0 0.552992 0.889311 0.026275 0.063262
0 0.604015 0.836976 0.024442 0.066713
0 0.140327 0.437275 0.028720 0.037957
0 0.699540 0.606280 0.030797 0.072464
0 0.111187 0.658213 0.032080 0.050725
0 0.363979 0.342995 0.026947 0.057971
0 0.502577 0.158426 0.024155 0.055413