0 0.222344 0.345893 0.022513 0.036982
0 0.507225 0.252051 0.023091 0.030510
0 0.575632 0.053272 0.025977 0.028661
0 0.464604 0.396281 0.022513 0.026812
0 0.392734 0.557615 0.031172 0.046228
0 0.283919 0.896926 0.035213 0.048077
0 0.477592 0.706006 0.025400 0.041605
0 0.414959 0.645910 0.027132 0.036058
0 0.411495 0.800310 0.034059 0.041605
0 0.555235 0.959333 0.028286 0.039756
0 0.543690 0.762403 0.025977 0.030510
0 0.595066 0.798923 0.024822 0.033284
0 0.621332 0.748997 0.026554 0.036982
0 0.406011 0.458688 0.030018 0.044379
0 0.443822 0.529416 0.024822 0.037907
0 0.614405 0.415696 0.023091 0.036058
0 0.645577 0.690288 0.019627 0.030510
0 0.705036 0.693062 0.026554 0.034208
0 0.380323 0.657929 0.027132 0.034208
0 0.690027 0.209983 0.018473 0.031435
0 0.599107 0.239569 0.021359 0.035133
0 0.705613 0.451292 0.023091 0.040680
0 0.705902 0.374091 0.020204 0.036058
0 0.713406 0.593673 0.021359 0.029586
0 0.575728 0.528029 0.023091 0.038831
0 0.751313 0.049574 0.022513 0.028661
0 0.798938 0.462386 0.020782 0.029586
0 0.710616 0.527105 0.020782 0.027737
0 0.800092 0.737440 0.020782 0.026812
0 0.829533 0.609390 0.017318 0.024038
0 0.710039 0.236333 0.015009 0.026812
0 0.164810 0.781511 0.023668 0.034208