0 0.421110 0.152583 0.027478 0.047152
0 0.321666 0.112242 0.022244 0.035626
0 0.363537 0.598433 0.032712 0.044009
0 0.202922 0.617818 0.030749 0.055535
0 0.211427 0.734127 0.051685 0.059726
0 0.277178 0.683307 0.045797 0.054487
0 0.467234 0.824589 0.029441 0.049248
0 0.425690 0.494524 0.039254 0.055535
0 0.538873 0.486665 0.032712 0.056583
0 0.602988 0.371404 0.024861 0.044009
0 0.619671 0.542724 0.026824 0.036674
0 0.608876 0.619739 0.028786 0.041913
0 0.677571 0.870169 0.028786 0.039817
0 0.601025 0.780056 0.028786 0.039817
0 0.409007 0.882219 0.034675 0.053439
0 0.553266 0.945089 0.030095 0.047152
0 0.525788 0.791582 0.024861 0.048200
0 0.636681 0.725569 0.026824 0.031435
0 0.775706 0.723474 0.024861 0.037722
0 0.695889 0.459946 0.024861 0.036674
0 0.731872 0.558965 0.022244 0.035626
0 0.723040 0.429035 0.030749 0.046104
0 0.773089 0.454183 0.026169 0.037722
0 0.497329 0.266272 0.021590 0.037722
0 0.319703 0.398822 0.026169 0.042961
0 0.304983 0.225931 0.022898 0.032483
0 0.536910 0.137390 0.026169 0.035626
0 0.586959 0.090238 0.020281 0.041913
0 0.725657 0.142629 0.020281 0.033530
0 0.155054 0.971285 0.027478 0.047152
0 0.170429 0.896889 0.033366 0.063917
0 0.828263 0.907891 0.022244 0.027243
0 0.801112 0.912082 0.020281 0.025148
0 0.839385 0.538533 0.026169 0.028291
0 0.834805 0.442133 0.020936 0.030387
0 0.881583 0.302946 0.024207 0.035626
0 0.497874 0.189257 0.024861 0.042961
0 0.485116 0.535040 0.018973 0.036674
0 0.484135 0.489983 0.018319 0.030387
0 0.454694 0.626026 0.019627 0.037722
0 0.886163 0.938802 0.017664 0.036674
0 0.911351 0.760148 0.017010 0.033530
0 0.881583 0.855500 0.018973 0.025148
0 0.729800 0.709852 0.021590 0.029339