0 0.178929 0.066141 0.029906 0.046430
0 0.251368 0.132720 0.024590 0.039422
0 0.317494 0.247919 0.027912 0.040298
0 0.268315 0.245729 0.025254 0.037670
0 0.420504 0.168200 0.023925 0.045554
0 0.190891 0.730618 0.031235 0.042050
0 0.564054 0.268944 0.026583 0.038546
0 0.724108 0.262374 0.020602 0.037670
0 0.805519 0.185283 0.023925 0.039422
0 0.871313 0.115199 0.025254 0.039422
0 0.683236 0.413929 0.026583 0.041174
0 0.826121 0.397722 0.022596 0.038546
0 0.941758 0.504161 0.025254 0.037670
0 0.852040 0.719229 0.023925 0.040298
0 0.945414 0.671339 0.020602 0.029785
0 0.908197 0.593809 0.025919 0.042926
0 0.685230 0.877208 0.025254 0.031537
0 0.748033 0.658198 0.023260 0.028033
0 0.886266 0.721273 0.027248 0.042050
0 0.523736 0.968755 0.027912 0.032413
0 0.626746 0.057819 0.019937 0.035042