0 0.080280 0.906525 0.023716 0.039293
0 0.151020 0.648498 0.029441 0.047152
0 0.210310 0.636055 0.026987 0.045842
0 0.224621 0.531273 0.029441 0.053701
0 0.272871 0.686482 0.027805 0.052391
0 0.240977 0.865922 0.029441 0.044533
0 0.281867 0.510971 0.031076 0.049772
0 0.362828 0.370824 0.029441 0.047152
0 0.382456 0.610514 0.024534 0.047152
0 0.351788 0.867232 0.026987 0.044533
0 0.403718 0.434349 0.024534 0.037984
0 0.495720 0.552229 0.031894 0.045842
0 0.525570 0.209066 0.022898 0.040603
0 0.528023 0.310574 0.021263 0.039293
0 0.659688 0.366895 0.026169 0.047152
0 0.611438 0.480846 0.021263 0.034054
0 0.413532 0.784061 0.031076 0.051082
0 0.413941 0.899976 0.026987 0.044533
0 0.662959 0.626232 0.022898 0.031435
0 0.665413 0.726430 0.021263 0.032745
0 0.689129 0.894737 0.031076 0.031435
0 0.498991 0.986662 0.030258 0.026676
0 0.323574 0.907180 0.026169 0.051082
0 0.789718 0.264077 0.017991 0.027505
0 0.570957 0.921588 0.023716 0.035364
0 0.830607 0.602001 0.021263 0.040603
0 0.480591 0.478881 0.024534 0.037984
0 0.786038 0.579080 0.020445 0.026196
0 0.717752 0.564672 0.022898 0.036674
0 0.830880 0.260803 0.019627 0.039293
0 0.353288 0.670110 0.029441 0.035364
0 0.662823 0.984697 0.025352 0.030605
0 0.890988 0.664870 0.020445 0.030125
0 0.617844 0.095115 0.017174 0.032745
0 0.325482 0.112142 0.019627 0.037984
0 0.532794 0.720536 0.023716 0.041913
0 0.857867 0.200553 0.017991 0.028815