0 0.216035 0.057381 0.030571 0.037670
0 0.252587 0.122646 0.025254 0.038546
0 0.428701 0.253614 0.027912 0.046430
0 0.318380 0.181340 0.027912 0.043802
0 0.542344 0.181340 0.027912 0.043802
0 0.487184 0.205869 0.027912 0.043802
0 0.287809 0.376259 0.022596 0.046430
0 0.176160 0.374945 0.029242 0.038546
0 0.284154 0.732662 0.032565 0.036794
0 0.334995 0.676595 0.027912 0.047306
0 0.387829 0.681413 0.023260 0.041174
0 0.389491 0.558330 0.023925 0.036794
0 0.530382 0.306906 0.022596 0.043802
0 0.208724 0.914002 0.029242 0.042050
0 0.562947 0.791356 0.022596 0.031537
0 0.635718 0.168200 0.020602 0.047306
0 0.532708 0.553657 0.021931 0.040298
0 0.615781 0.905242 0.020602 0.031537
0 0.665624 0.453789 0.023260 0.045554
0 0.697857 0.655716 0.025254 0.032413
0 0.976981 0.549715 0.026583 0.037670
0 0.740390 0.738940 0.026583 0.035918
0 0.705167 0.806395 0.025254 0.039422
0 0.590859 0.197985 0.025254 0.045554
0 0.870980 0.330705 0.028577 0.042926
0 0.834428 0.271134 0.023260 0.046430
0 0.820140 0.469120 0.018608 0.042926
0 0.406105 0.491021 0.027912 0.035918