0 0.430805 0.310118 0.024590 0.042050
0 0.395915 0.332019 0.029242 0.042050
0 0.348729 0.373631 0.027912 0.035918
0 0.310184 0.266754 0.023925 0.042926
0 0.571697 0.158563 0.024590 0.043802
0 0.402893 0.192291 0.024590 0.042926
0 0.247048 0.702584 0.030571 0.031537
0 0.147693 0.745510 0.020602 0.019273
0 0.389601 0.787414 0.021931 0.035918
0 0.268647 0.928895 0.025919 0.036794
0 0.348065 0.671777 0.025254 0.035918
0 0.371325 0.667397 0.026583 0.035918
0 0.384617 0.535991 0.022596 0.032413
0 0.455063 0.604760 0.026583 0.036794
0 0.486630 0.648562 0.024590 0.036794
0 0.523515 0.650752 0.025254 0.034166
0 0.474336 0.204847 0.026583 0.039422
0 0.551095 0.386188 0.024590 0.027157
0 0.591302 0.375675 0.023925 0.041174
0 0.544117 0.797489 0.015950 0.026281
0 0.590305 0.772084 0.023260 0.035042
0 0.410536 0.981019 0.022596 0.025405
0 0.673046 0.979267 0.025254 0.030661
0 0.318823 0.711637 0.025254 0.033290
0 0.420837 0.594685 0.027248 0.035918
0 0.554418 0.557016 0.023260 0.039422
0 0.660751 0.506643 0.020602 0.033290
0 0.478988 0.458023 0.021267 0.028909
0 0.638155 0.232881 0.020602 0.039422
0 0.648788 0.299460 0.019273 0.037670
0 0.229769 0.084976 0.025254 0.042050
0 0.291575 0.106001 0.026583 0.043802
0 0.334441 0.200613 0.027248 0.049058
0 0.803858 0.738940 0.023260 0.025405
0 0.661305 0.792816 0.027912 0.036794
0 0.799206 0.895313 0.019273 0.035042
0 0.722446 0.700832 0.025254 0.036794
0 0.676922 0.735436 0.020602 0.035918
0 0.859683 0.575996 0.020602 0.032413
0 0.553975 0.172580 0.021931 0.038546
0 0.815155 0.160753 0.024590 0.044678
0 0.776277 0.156373 0.021267 0.037670
0 0.836090 0.397284 0.025254 0.049934
0 0.475886 0.963060 0.023925 0.026281