0 0.206084 0.338041 0.022080 0.031435
0 0.279686 0.332638 0.026987 0.042240
0 0.352061 0.383719 0.024534 0.042240
0 0.326914 0.266330 0.023307 0.041258
0 0.444369 0.376843 0.023921 0.040276
0 0.316180 0.610148 0.032507 0.041258
0 0.254232 0.599342 0.034961 0.043223
0 0.197804 0.952001 0.030054 0.045187
0 0.268032 0.877344 0.028214 0.041258
0 0.271099 0.938740 0.034347 0.046170
0 0.410022 0.928425 0.030054 0.047152
0 0.346234 0.760937 0.026374 0.044205
0 0.367701 0.642565 0.026374 0.039293
0 0.344394 0.487356 0.033734 0.035364
0 0.127576 0.630777 0.029441 0.039293
0 0.219271 0.693155 0.023921 0.042240
0 0.438543 0.813983 0.020854 0.032417
0 0.483930 0.963298 0.025761 0.040276
0 0.495277 0.698558 0.027601 0.031435
0 0.354208 0.047269 0.025147 0.033399
0 0.610280 0.431363 0.025761 0.033399
0 0.595559 0.614569 0.020854 0.032417
0 0.564279 0.833138 0.024534 0.033399
0 0.534225 0.828227 0.025761 0.031435
0 0.412169 0.628812 0.024534 0.031435
0 0.440076 0.961333 0.025147 0.034382
0 0.642787 0.601471 0.022080 0.028488
0 0.720989 0.642238 0.020240 0.029470
0 0.803484 0.619644 0.019627 0.027505
0 0.774043 0.723772 0.019627 0.029470
0 0.815137 0.917783 0.018400 0.030452
0 0.749509 0.941850 0.018400 0.027505
0 0.949154 0.978197 0.020240 0.027505
0 0.909286 0.670234 0.020240 0.026523
0 0.408489 0.207881 0.017174 0.024558
0 0.626533 0.079195 0.017787 0.030452
0 0.894259 0.188726 0.017174 0.031435
0 0.853165 0.385684 0.018400 0.026523
0 0.833538 0.410242 0.015947 0.030452
0 0.710255 0.494232 0.018400 0.029470
0 0.779563 0.811036 0.019627 0.020629
0 0.900699 0.853767 0.015334 0.017682
0 0.824951 0.548261 0.020854 0.023576
0 0.889046 0.412698 0.015334 0.023576
0 0.489450 0.181358 0.023307 0.030452
0 0.504477 0.186761 0.015334 0.029470
0 0.953447 0.405822 0.017787 0.029470
0 0.982888 0.438239 0.015334 0.025541
0 0.619787 0.581169 0.021467 0.028488
0 0.916340 0.576749 0.017174 0.027505
0 0.432103 0.474094 0.023921 0.028488
0 0.583906 0.215249 0.012267 0.029470
0 0.525536 0.486210 0.022694 0.034382
0 0.609564 0.793845 0.028827 0.031435
0 0.474321 0.597869 0.022080 0.036346
0 0.757381 0.157782 0.021467 0.022594