0 0.315451 0.301200 0.025515 0.041913
0 0.436485 0.377167 0.028132 0.051343
0 0.387744 0.423796 0.028786 0.044009
0 0.402464 0.364070 0.022898 0.037722
0 0.355032 0.259462 0.031403 0.049248
0 0.233998 0.705835 0.035329 0.055535
0 0.180678 0.691690 0.034675 0.050296
0 0.192127 0.857072 0.031403 0.053439
0 0.196380 0.976474 0.030749 0.047052
0 0.304329 0.882743 0.029441 0.041913
0 0.384800 0.809395 0.026824 0.048200
0 0.364191 0.954519 0.039254 0.068109
0 0.396576 0.698326 0.026824 0.041913
0 0.225166 0.545867 0.034675 0.047152
0 0.207175 0.594067 0.028786 0.038770
0 0.477047 0.304343 0.026824 0.037722
0 0.467888 0.711424 0.035983 0.045057
0 0.484898 0.654841 0.025515 0.038770
0 0.489151 0.570491 0.027478 0.031435
0 0.272926 0.533468 0.033366 0.048200
0 0.394613 0.559140 0.026824 0.038770
0 0.372042 0.603672 0.018319 0.025148
0 0.568640 0.387296 0.021590 0.036674
0 0.628503 0.306614 0.020936 0.032483
0 0.561771 0.205499 0.020936 0.041913
0 0.536910 0.257890 0.028786 0.046104
0 0.547378 0.945089 0.023553 0.030387
0 0.585978 0.960282 0.026169 0.035626
0 0.229746 0.924132 0.030749 0.049248
0 0.661869 0.925704 0.019627 0.033530
0 0.651074 0.849213 0.026824 0.035626
0 0.726965 0.870169 0.024207 0.035626
0 0.581071 0.567348 0.024207 0.033530
0 0.600371 0.506574 0.027478 0.037722
0 0.747247 0.588828 0.016356 0.028291
0 0.732526 0.279894 0.022244 0.035626
0 0.776360 0.269416 0.015702 0.023052
0 0.778323 0.314996 0.017010 0.028291
0 0.838186 0.305042 0.016356 0.035626
0 0.776687 0.595814 0.025515 0.024100
0 0.830989 0.979143 0.018973 0.025148
0 0.852797 0.688372 0.021590 0.028291
0 0.937848 0.698326 0.018973 0.027243
0 0.926726 0.892174 0.021590 0.027243
0 0.882565 0.292817 0.017010 0.027243
0 0.769709 0.092857 0.021590 0.034578
0 0.986915 0.702168 0.018973 0.029339