0 0.259650 0.271733 0.026987 0.038311
0 0.325585 0.409260 0.032507 0.055993
0 0.377719 0.436274 0.028827 0.058940
0 0.475548 0.462306 0.019627 0.042240
0 0.353185 0.682841 0.027601 0.062870
0 0.309331 0.747675 0.033121 0.064834
0 0.438747 0.960351 0.024534 0.054029
0 0.531362 0.802195 0.030667 0.044205
0 0.566323 0.750622 0.026987 0.043223
0 0.472175 0.555137 0.027601 0.041258
0 0.631645 0.538437 0.025147 0.037329
0 0.637471 0.734905 0.022080 0.039293
0 0.546389 0.380281 0.025147 0.045187
0 0.585337 0.242754 0.033121 0.045187
0 0.686232 0.224090 0.021467 0.035364
0 0.660779 0.492268 0.026987 0.037329
0 0.742354 0.443151 0.020854 0.033399
0 0.382626 0.936775 0.022694 0.046170
0 0.191671 0.437420 0.027601 0.052064
0 0.195658 0.889786 0.038027 0.072693
0 0.387635 0.211810 0.026987 0.052064
0 0.522264 0.307097 0.026374 0.046170
0 0.298700 0.966668 0.038027 0.066663
0 0.157630 0.650424 0.028214 0.068764
0 0.896099 0.793518 0.022080 0.033399
0 0.767296 0.783694 0.022080 0.031435
0 0.762390 0.719842 0.026987 0.035364
0 0.751043 0.639291 0.025147 0.039293
0 0.679895 0.675637 0.026374 0.035364
0 0.840898 0.372095 0.018400 0.031435
0 0.789990 0.465417 0.019627 0.027505
0 0.750429 0.139118 0.017787 0.028488
0 0.558145 0.494723 0.025761 0.038311
0 0.502331 0.363090 0.025761 0.046170
0 0.493744 0.764866 0.023307 0.032417
0 0.712402 0.808089 0.028827 0.044205
0 0.811151 0.659756 0.020240 0.028488
0 0.841511 0.524685 0.024534 0.035364