0 0.723694 0.560188 0.021590 0.034578
0 0.796314 0.546042 0.018973 0.031435
0 0.809072 0.388868 0.019627 0.031435
0 0.554901 0.564903 0.022898 0.031435
0 0.268673 0.631789 0.024861 0.038770
0 0.408025 0.935135 0.030095 0.037722
0 0.621961 0.880648 0.027478 0.035626
0 0.739396 0.894793 0.020281 0.040865
2 0.321339 0.459422 0.070003 0.203278
2 0.778323 0.422748 0.103369 0.104783
0 0.627849 0.534865 0.019627 0.029339
0 0.292225 0.917845 0.031403 0.049248
0 0.333115 0.901604 0.029441 0.064965
0 0.205866 0.969713 0.031403 0.054487
0 0.219605 0.706709 0.030095 0.052391
0 0.302039 0.195544 0.024861 0.040865
0 0.425363 0.279894 0.028132 0.039817
0 0.373024 0.764863 0.038600 0.057630
0 0.378585 0.617643 0.034020 0.050296
0 0.676916 0.872789 0.023553 0.034578
0 0.870134 0.951900 0.018319 0.027243
0 0.813216 0.627074 0.019627 0.020957
0 0.989042 0.882219 0.021916 0.034578
0 0.551521 0.336477 0.019627 0.025148
0 0.924763 0.696929 0.020281 0.031435
0 0.538109 0.843624 0.024207 0.031435
0 0.501472 0.684355 0.021590 0.039817
0 0.132810 0.858119 0.034020 0.051343
0 0.497874 0.493476 0.023553 0.036674