0 0.173373 0.731253 0.030531 0.047152
0 0.284048 0.947368 0.031621 0.055011
0 0.255152 0.744788 0.032712 0.051518
0 0.367463 0.710297 0.031621 0.045406
0 0.290590 0.462312 0.029441 0.038420
0 0.290045 0.562728 0.026169 0.040167
0 0.442155 0.447904 0.029441 0.034054
0 0.475684 0.653103 0.028895 0.039293
0 0.395268 0.667511 0.031621 0.043659
0 0.407262 0.876203 0.035983 0.045406
0 0.381638 0.970070 0.032712 0.051518
0 0.223803 0.741732 0.026715 0.041913
0 0.326028 0.261478 0.030531 0.038420
0 0.434522 0.492437 0.023989 0.032308
0 0.454694 0.640442 0.026169 0.034928
0 0.474321 0.841712 0.026169 0.035801
0 0.542471 0.942565 0.028350 0.045406
0 0.297950 0.768364 0.022353 0.041040
0 0.220260 0.922482 0.023989 0.031435
0 0.125395 0.800235 0.028350 0.038420
0 0.242340 0.524308 0.026715 0.052391
0 0.434522 0.200064 0.026169 0.047152
0 0.516301 0.541044 0.020717 0.039293
0 0.486316 0.232809 0.026169 0.039293
0 0.582725 0.310959 0.022353 0.031435
0 0.613528 0.961339 0.030531 0.037547
0 0.746011 0.825121 0.020717 0.032308
0 0.637517 0.489817 0.019627 0.028815
0 0.649784 0.326094 0.019082 0.031435
0 0.618980 0.148546 0.021808 0.031435
0 0.706757 0.181290 0.018537 0.032308
0 0.603987 0.620504 0.026715 0.035801
0 0.869225 0.944748 0.025079 0.035801
0 0.793171 0.744351 0.022353 0.033181
0 0.839785 0.772730 0.020717 0.034054
0 0.585360 0.782480 0.020717 0.038420
0 0.303220 0.938636 0.019082 0.034054
0 0.740057 0.320467 0.018473 0.028661