0 0.251554 0.458898 0.037291 0.038770
0 0.319267 0.824589 0.039254 0.049248
0 0.199215 0.779532 0.035983 0.061822
0 0.112856 0.731856 0.021590 0.052391
0 0.144259 0.977522 0.026824 0.044956
0 0.272816 0.852880 0.037946 0.051343
0 0.370952 0.764339 0.030095 0.050296
0 0.398430 0.857072 0.024861 0.047152
0 0.442918 0.775865 0.030095 0.039817
0 0.396467 0.632313 0.026169 0.041913
0 0.274452 0.631789 0.038600 0.063917
0 0.172064 0.568919 0.032712 0.061822
0 0.286228 0.372976 0.034675 0.053439
0 0.280667 0.456802 0.037946 0.066013
0 0.353942 0.376120 0.027478 0.049248
0 0.401047 0.566300 0.024861 0.046104
0 0.445535 0.518624 0.037946 0.049248
0 0.488387 0.545343 0.025515 0.044009
0 0.460255 0.634933 0.029441 0.047152
0 0.232908 0.983285 0.041871 0.033430
0 0.540399 0.774293 0.028786 0.053439
0 0.577363 0.969713 0.025515 0.046104
0 0.415113 0.377691 0.028132 0.048200
0 0.232254 0.260859 0.023553 0.045057
0 0.265293 0.291770 0.028132 0.048200
0 0.607131 0.047801 0.018319 0.038770
0 0.511613 0.098620 0.023553 0.041913
0 0.513903 0.239553 0.021590 0.036674
0 0.520445 0.339096 0.024207 0.042961
0 0.571475 0.482125 0.017664 0.031435
0 0.595682 0.397251 0.022898 0.044009
0 0.573111 0.393059 0.026169 0.046104
0 0.645731 0.380485 0.022244 0.035626
0 0.478574 0.758052 0.037291 0.041913
0 0.620543 0.827732 0.022898 0.040865
0 0.632428 0.678417 0.033584 0.050296
0 0.782466 0.590400 0.018319 0.031435
0 0.781158 0.850785 0.024861 0.026196
0 0.777887 0.796298 0.017010 0.028291
0 0.764802 0.981239 0.024861 0.031435
0 0.857704 0.576778 0.019627 0.031435
0 0.920837 0.790011 0.017664 0.032483
0 0.804056 0.359529 0.014393 0.035626
0 0.692509 0.232742 0.024207 0.037722
0 0.639516 0.287753 0.021590 0.036674
0 0.776251 0.310805 0.020281 0.028291
0 0.706575 0.209690 0.019627 0.039817
0 0.780177 0.197640 0.024207 0.034578
0 0.848217 0.251603 0.024207 0.037722
0 0.422637 0.083427 0.023553 0.038770
0 0.869807 0.824589 0.021590 0.034578
0 0.533639 0.218596 0.024861 0.034578
0 0.551957 0.193973 0.024861 0.044009
0 0.569949 0.166729 0.028132 0.046104
0 0.715189 0.092857 0.018973 0.034578