0 0.304711 0.194297 0.028459 0.051867
0 0.263003 0.363259 0.033366 0.056583
0 0.200196 0.433201 0.033366 0.058154
0 0.147694 0.548724 0.030422 0.050296
0 0.258096 0.952661 0.037291 0.069156
0 0.355250 0.647743 0.035329 0.056583
0 0.434740 0.556583 0.033366 0.050296
0 0.450442 0.408053 0.019627 0.042437
0 0.325810 0.437916 0.027478 0.039293
0 0.350343 0.136143 0.021590 0.039293
0 0.381256 0.164434 0.024534 0.048724
0 0.272326 0.212372 0.030422 0.050296
0 0.269382 0.592733 0.024534 0.047152
0 0.318449 0.645386 0.034347 0.058154
0 0.284593 0.831637 0.035329 0.059726
0 0.320903 0.931442 0.031403 0.058154
0 0.210991 0.958948 0.041217 0.056583
0 0.035329 0.936157 0.037291 0.064441
0 0.606968 0.599805 0.026497 0.045580
0 0.483317 0.940873 0.030422 0.045580
0 0.518646 0.826136 0.030422 0.051867
0 0.748773 0.858356 0.021590 0.037722
0 0.643768 0.799416 0.035329 0.048724
0 0.616781 0.848926 0.028459 0.037722
0 0.450442 0.217087 0.025515 0.056583
0 0.623160 0.499214 0.025515 0.039293
0 0.701178 0.186438 0.018646 0.033007
0 0.720314 0.140072 0.023553 0.047152
0 0.795388 0.236734 0.016683 0.036150
0 0.779686 0.770339 0.028459 0.037722
0 0.687439 0.632026 0.028459 0.044009
0 0.903827 0.214729 0.017664 0.039293
0 0.696762 0.870930 0.031403 0.044009
0 0.601570 0.180151 0.025515 0.039293
0 0.523553 0.188796 0.026497 0.037722
0 0.782139 0.591947 0.021590 0.033007
0 0.732581 0.591161 0.022571 0.031435
0 0.817468 0.552653 0.017664 0.039293
0 0.908734 0.514932 0.019627 0.042437
0 0.670756 0.320036 0.022571 0.045580
0 0.428361 0.163648 0.020608 0.031435
0 0.956820 0.984095 0.017664 0.031435
0 0.979882 0.903151 0.016683 0.026720
0 0.960255 0.701183 0.024534 0.037722
0 0.745339 0.329466 0.020608 0.029863
1 0.450932 0.554225 0.061825 0.187037
1 0.512758 0.642242 0.042198 0.231046
1 0.544652 0.724759 0.064769 0.078587