0 0.134180 0.173018 0.028577 0.037670
1 0.454177 0.162943 0.099687 0.143671
0 0.042911 0.219010 0.027248 0.045554
0 0.236304 0.225580 0.028577 0.037670
0 0.334330 0.057819 0.025254 0.045554
0 0.145921 0.453789 0.028577 0.035042
0 0.219357 0.437144 0.025254 0.033290
0 0.321039 0.567966 0.025254 0.029785
0 0.416074 0.603884 0.023925 0.033290
0 0.041582 0.748868 0.025919 0.041174
0 0.140937 0.874142 0.029242 0.041174
0 0.171175 0.809315 0.033894 0.041174
0 0.334995 0.868886 0.021267 0.035918
0 0.097229 0.905497 0.028909 0.041393
0 0.389812 0.684078 0.027912 0.033509
0 0.479032 0.653855 0.022928 0.032194
0 0.527243 0.230508 0.025545 0.036137
0 0.813533 0.593654 0.026168 0.032030
0 0.558707 0.638825 0.024922 0.040243
0 0.531916 0.608027 0.023676 0.036137
0 0.652164 0.635540 0.019937 0.036958
0 0.702008 0.574354 0.022430 0.034494
0 0.681759 0.817455 0.023053 0.026281
0 0.620700 0.457047 0.024299 0.036958