0 0.359939 0.221740 0.020281 0.030387
0 0.449896 0.398822 0.022244 0.030387
0 0.348817 0.652222 0.026824 0.035626
0 0.279795 0.912606 0.030095 0.036674
0 0.341620 0.732904 0.028132 0.035626
0 0.235634 0.639648 0.025515 0.031435
0 0.526115 0.854452 0.028132 0.033530
0 0.392978 0.677369 0.023553 0.035626
0 0.415222 0.533817 0.027478 0.029339
0 0.642242 0.389741 0.022244 0.026196
0 0.690001 0.528054 0.024861 0.034578
0 0.415222 0.957139 0.031403 0.037722
0 0.512376 0.780056 0.028132 0.035626
0 0.586305 0.762243 0.028132 0.037722
0 0.724021 0.775865 0.024861 0.033530
0 0.555228 0.430606 0.020936 0.034578
0 0.570930 0.393409 0.019627 0.033530
0 0.720750 0.427987 0.019627 0.029339
0 0.225493 0.907367 0.026169 0.038770
0 0.525134 0.944565 0.023553 0.031435
0 0.600044 0.621835 0.024207 0.033530
0 0.634391 0.959758 0.022244 0.032483
0 0.662741 0.631789 0.024861 0.030387
0 0.827282 0.788963 0.017664 0.022004
0 0.683023 0.931467 0.020936 0.026196
0 0.613346 0.395155 0.017664 0.027243
0 0.422637 0.659731 0.020936 0.030387
0 0.749100 0.307138 0.014393 0.023052
0 0.736670 0.591098 0.019627 0.029339
0 0.204122 0.981713 0.028786 0.036574
0 0.460255 0.339096 0.020281 0.028291
0 0.637553 0.794027 0.022898 0.031435