0 0.210939 0.116513 0.025919 0.040298
0 0.293680 0.170390 0.027912 0.037670
0 0.130525 0.198861 0.033894 0.050810
0 0.036487 0.279457 0.031900 0.043802
0 0.079020 0.299606 0.031900 0.043802
0 0.061519 0.462111 0.033229 0.044678
0 0.225339 0.605344 0.029906 0.040298
0 0.242950 0.515988 0.022596 0.043802
0 0.373208 0.529566 0.025254 0.039422
0 0.202743 0.303548 0.035223 0.056943
0 0.256242 0.246167 0.023925 0.047306
0 0.413083 0.334209 0.026583 0.044678
0 0.413415 0.130530 0.023260 0.042050
0 0.619436 0.214192 0.021931 0.044678
0 0.658314 0.180464 0.021267 0.038546
0 0.736070 0.159877 0.021267 0.041174
0 0.493165 0.419623 0.029906 0.043802
0 0.311402 0.609140 0.025254 0.045554
0 0.117344 0.917506 0.033229 0.042050
0 0.109037 0.985472 0.031235 0.029055
0 0.460269 0.875018 0.026583 0.035918
0 0.540683 0.738356 0.026583 0.039422
0 0.698854 0.677471 0.026583 0.028033
0 0.866771 0.692072 0.021267 0.035042
0 0.687002 0.810775 0.028577 0.025405
0 0.739172 0.892977 0.022596 0.035042
0 0.881724 0.762885 0.024590 0.034166
0 0.623534 0.820704 0.021267 0.037670
0 0.959813 0.783910 0.021267 0.041174
0 0.925255 0.782596 0.019937 0.038546