0 0.141315 0.875646 0.027478 0.053439
0 0.224730 0.795487 0.033366 0.056583
0 0.186457 0.634384 0.031403 0.055011
0 0.272816 0.643028 0.031403 0.047152
0 0.315996 0.598234 0.027478 0.039293
0 0.324828 0.536936 0.021590 0.045580
0 0.234053 0.365616 0.026497 0.042437
0 0.381747 0.094491 0.025515 0.037722
0 0.290481 0.111781 0.023553 0.040865
0 0.416094 0.547938 0.023553 0.036150
0 0.464671 0.518861 0.022571 0.037722
0 0.401374 0.437916 0.023553 0.042437
0 0.533366 0.507073 0.022571 0.045580
0 0.506869 0.579373 0.024534 0.048724
0 0.500491 0.712971 0.031403 0.039293
0 0.460255 0.746763 0.029441 0.034578
0 0.398921 0.896078 0.034347 0.056583
0 0.434249 0.857571 0.036310 0.055011
2 0.321394 0.894600 0.097154 0.210800
0 0.593719 0.897650 0.025515 0.053439
0 0.289990 0.415912 0.032385 0.055011
0 0.572620 0.418270 0.026497 0.056583
0 0.727674 0.492141 0.018646 0.034578
0 0.385182 0.182509 0.022571 0.050296
0 0.424436 0.078774 0.024534 0.050296
0 0.578018 0.147931 0.025515 0.025148
0 0.659961 0.269740 0.024534 0.039293
0 0.476938 0.341254 0.023553 0.040865
0 0.500491 0.351471 0.025515 0.042437
0 0.906771 0.472495 0.015702 0.036150
0 0.602552 0.615523 0.019627 0.039293
0 0.625613 0.610022 0.030422 0.056583