0 0.295782 0.219284 0.032398 0.047635
0 0.365874 0.228729 0.028037 0.043528
0 0.423506 0.195466 0.021184 0.039422
0 0.497648 0.129763 0.022430 0.042707
0 0.161931 0.722186 0.030529 0.036137
0 0.232646 0.689334 0.022430 0.029566
0 0.551957 0.522202 0.024299 0.041886
0 0.203675 0.957074 0.025545 0.047635
0 0.427348 0.914367 0.020561 0.029566
0 0.528593 0.673319 0.023676 0.038601
0 0.554761 0.787889 0.021184 0.039422
0 0.380620 0.934489 0.021807 0.025460
0 0.447286 0.350279 0.028037 0.038601
0 0.245107 0.297717 0.027414 0.040243
0 0.118317 0.515358 0.021807 0.038601
0 0.315511 0.678247 0.022430 0.033673
0 0.573245 0.315375 0.024922 0.039422
0 0.688508 0.779813 0.023676 0.032030
0 0.634926 0.731220 0.023676 0.034494
0 0.759224 0.719722 0.023053 0.039422
0 0.822775 0.853592 0.021807 0.036137
0 0.902213 0.766125 0.024922 0.038601
0 0.798476 0.683585 0.023053 0.034494
0 0.725891 0.792406 0.021184 0.030388
0 0.585706 0.778855 0.024922 0.037779
0 0.890687 0.841683 0.020561 0.035315
0 0.543339 0.578050 0.022430 0.036958
0 0.509071 0.364104 0.024922 0.039422
0 0.589132 0.509883 0.023053 0.038601
0 0.229635 0.500712 0.030529 0.047635
0 0.141474 0.167816 0.027414 0.047635