1 0.012794 0.347405 0.025587 0.110053
0 0.358917 0.206554 0.027414 0.045171
0 0.291005 0.135512 0.027414 0.041064
0 0.254245 0.253778 0.029906 0.050920
0 0.224962 0.425427 0.026168 0.042707
0 0.536485 0.209428 0.022430 0.034494
0 0.365770 0.469777 0.024922 0.039422
0 0.230258 0.664422 0.028037 0.037779
0 0.082285 0.739022 0.027414 0.036958
0 0.044902 0.516864 0.027414 0.042707
0 0.278856 0.854002 0.019314 0.033673
0 0.294743 0.644163 0.026168 0.039422
0 0.427763 0.978126 0.030529 0.043747
0 0.470754 0.280059 0.023053 0.041064
0 0.323715 0.775159 0.026791 0.038601
0 0.410630 0.794459 0.026168 0.037779
0 0.459539 0.799797 0.021807 0.035315
0 0.613743 0.785836 0.024922 0.033673
0 0.355490 0.670855 0.020561 0.033673
0 0.505021 0.950504 0.016822 0.026281
0 0.223716 0.278417 0.023676 0.031209
0 0.807821 0.261580 0.023053 0.036958
0 0.691623 0.456636 0.022430 0.039422
0 0.696296 0.829774 0.020561 0.024639
0 0.752682 0.781318 0.019937 0.032852
0 0.751747 0.929972 0.023053 0.029566
0 0.823086 0.530415 0.023676 0.035315
0 0.671686 0.248029 0.019937 0.036137
0 0.590690 0.220516 0.022430 0.036958
0 0.921527 0.289504 0.018691 0.041886
0 0.780096 0.759554 0.024922 0.040243
0 0.386019 0.796923 0.024299 0.034494
0 0.422571 0.523160 0.020561 0.031209