2 0.250782 0.712221 0.074766 0.165572
2 0.883796 0.387648 0.038878 0.128778
0 0.149599 0.207622 0.029906 0.047306
0 0.174521 0.123522 0.041869 0.052562
0 0.656011 0.282523 0.019937 0.036794
0 0.606665 0.324573 0.024922 0.036794
0 0.506480 0.550591 0.025919 0.039422
0 0.415852 0.123960 0.025254 0.042926
0 0.347068 0.053000 0.024590 0.034166
0 0.323475 0.245729 0.026583 0.034166
0 0.410536 0.215506 0.022596 0.028033
0 0.557408 0.345160 0.023925 0.035042
0 0.503909 0.069207 0.028577 0.038546
0 0.672381 0.111257 0.022596 0.040298
0 0.739172 0.206307 0.028577 0.042926
0 0.313839 0.954300 0.029906 0.038546
0 0.249374 0.863192 0.025919 0.031537
0 0.356704 0.876770 0.019937 0.034166
0 0.310184 0.784348 0.018608 0.033290
0 0.529828 0.695868 0.024590 0.033290
0 0.505903 0.896481 0.025919 0.031537
0 0.187236 0.841291 0.026583 0.033290
0 0.194879 0.961308 0.024590 0.024529
0 0.378636 0.896043 0.022596 0.032413
0 0.410868 0.881151 0.024590 0.035918
0 0.561728 0.540809 0.019273 0.035042
0 0.373319 0.266316 0.027912 0.031537
0 0.364015 0.343408 0.033229 0.031537
0 0.024303 0.936049 0.025919 0.030661
0 0.080460 0.899693 0.021267 0.029785
0 0.119670 0.893999 0.023925 0.032413
0 0.432356 0.786976 0.023260 0.036794
0 0.565273 0.945978 0.013956 0.028909
0 0.391484 0.501095 0.022596 0.045554
0 0.250593 0.600964 0.022596 0.028033
0 0.436676 0.221200 0.030571 0.051686
0 0.695198 0.417871 0.021267 0.042050
0 0.709487 0.437582 0.019273 0.037670
0 0.690546 0.711637 0.022596 0.035042
0 0.614452 0.921886 0.020602 0.029785
0 0.760992 0.723463 0.022596 0.027157
0 0.833099 0.137538 0.025919 0.040298
0 0.592520 0.120894 0.023260 0.045554
0 0.875300 0.624909 0.022596 0.042050