0 0.878925 0.817094 0.018400 0.025541
0 0.850405 0.928098 0.023921 0.027505
0 0.900086 0.586736 0.019014 0.030452
2 0.913579 0.830355 0.069308 0.140474
0 0.842125 0.602453 0.015947 0.028488
0 0.878925 0.414827 0.015947 0.026523
0 0.801337 0.433000 0.021467 0.029470
0 0.805937 0.303332 0.017174 0.023576
0 0.889046 0.287614 0.017787 0.023576
0 0.661494 0.406477 0.016560 0.023576
0 0.795510 0.652552 0.018400 0.026523
0 0.733256 0.569545 0.015334 0.023576
0 0.795510 0.819877 0.018400 0.026523
0 0.829244 0.976560 0.019627 0.027505
0 0.774350 0.873414 0.016560 0.027505
0 0.716695 0.804159 0.019014 0.028488
0 0.728042 0.792863 0.017174 0.023576
0 0.653214 0.689226 0.018400 0.030452
0 0.526251 0.910252 0.024534 0.034382
0 0.527478 0.775181 0.017174 0.027505
0 0.443756 0.645512 0.025147 0.037329
0 0.460316 0.847873 0.020240 0.025541
0 0.434249 0.860644 0.029441 0.035364
0 0.667934 0.922531 0.018400 0.025541
0 0.550172 0.647968 0.024534 0.032417
0 0.482704 0.366037 0.025761 0.030452
0 0.571946 0.321341 0.019014 0.025541
0 0.679895 0.273207 0.022694 0.027505
0 0.910819 0.414663 0.017174 0.025541
0 0.464303 0.572819 0.023307 0.031435
0 0.446210 0.559558 0.019014 0.026523
0 0.626840 0.943651 0.017174 0.030452
0 0.293793 0.663358 0.030667 0.042240
0 0.364328 0.665814 0.022080 0.045187
0 0.310353 0.206899 0.024534 0.034382
0 0.301766 0.353267 0.026987 0.036346
0 0.674681 0.532543 0.026987 0.031435