0 0.210500 0.333396 0.024534 0.037722
0 0.160942 0.931442 0.031403 0.061298
0 0.278214 0.762480 0.034347 0.056583
0 0.204122 0.455205 0.035329 0.055011
0 0.354760 0.309820 0.034347 0.069156
0 0.466143 0.516503 0.029441 0.042437
0 0.399411 0.517289 0.029441 0.047152
0 0.388616 0.808847 0.027478 0.042437
0 0.322866 0.704326 0.029441 0.044009
0 0.383710 0.670534 0.029441 0.048724
0 0.511286 0.876431 0.027478 0.051867
0 0.512758 0.740476 0.026497 0.040865
0 0.512758 0.691752 0.028459 0.050296
0 0.590775 0.763266 0.023553 0.039293
0 0.667812 0.923584 0.028459 0.042437
0 0.499509 0.809632 0.017664 0.031435
0 0.485280 0.889005 0.026497 0.045580
0 0.750245 0.749906 0.024534 0.040865
0 0.678116 0.738118 0.025515 0.039293
0 0.637390 0.709041 0.020608 0.034578
0 0.477920 0.595876 0.025515 0.031435
0 0.486752 0.349113 0.025515 0.044009
0 0.455348 0.404910 0.027478 0.042437
0 0.616781 0.460707 0.020608 0.040865
0 0.518155 0.481139 0.019627 0.037722
0 0.536801 0.588803 0.019627 0.039293
0 0.526006 0.433987 0.021590 0.031435
0 0.488224 0.092920 0.022571 0.040865
0 0.286065 0.607664 0.026497 0.048724
0 0.239450 0.866215 0.035329 0.047152
0 0.682532 0.453634 0.024534 0.036150
0 0.582924 0.205299 0.021590 0.029863
0 0.756133 0.322394 0.024534 0.034578
0 0.736016 0.376619 0.025515 0.036150
0 0.786065 0.667390 0.025515 0.036150
0 0.721786 0.851284 0.024534 0.029863
0 0.795878 0.936157 0.017664 0.039293
0 0.830716 0.793915 0.020608 0.028291
0 0.930815 0.878003 0.022571 0.029863
0 0.897939 0.694110 0.023553 0.033007
0 0.804220 0.621024 0.022571 0.028291
0 0.831698 0.488212 0.020608 0.033007
0 0.694799 0.114138 0.019627 0.029863
0 0.620216 0.295674 0.027478 0.031435
0 0.777233 0.085847 0.019627 0.036150
0 0.802748 0.257166 0.019627 0.036150
0 0.887635 0.414340 0.020608 0.033007
0 0.887144 0.528291 0.025515 0.037722
0 0.984789 0.906294 0.024534 0.033007
0 0.688420 0.597448 0.026497 0.044009
0 0.560353 0.264239 0.019627 0.034578
0 0.463690 0.136143 0.020608 0.039293
0 0.551521 0.781341 0.023553 0.040865