0 0.403480 0.236860 0.026374 0.049117
0 0.447641 0.180376 0.033734 0.048134
0 0.377412 0.576749 0.030667 0.053046
0 0.401946 0.527632 0.028214 0.047152
0 0.437214 0.520755 0.030054 0.043223
0 0.489962 0.506511 0.033734 0.050099
0 0.564790 0.459850 0.026374 0.047152
0 0.408386 0.576749 0.022694 0.033399
0 0.454694 0.596886 0.025761 0.046170
0 0.493028 0.607692 0.027601 0.050099
0 0.559576 0.640600 0.023307 0.039293
0 0.581350 0.614569 0.025147 0.042240
0 0.621218 0.729502 0.027601 0.044205
0 0.640845 0.601307 0.025147 0.047152
0 0.595457 0.403857 0.017787 0.033399
0 0.634098 0.344917 0.019014 0.037329
0 0.621218 0.487356 0.015334 0.035364
0 0.648512 0.513879 0.023307 0.039293
0 0.406240 0.804159 0.035574 0.050099
0 0.353799 0.681859 0.033734 0.058940
0 0.378639 0.858679 0.029441 0.047152
0 0.582884 0.859661 0.025761 0.037329
0 0.676726 0.920075 0.034347 0.048134
0 0.723340 0.805142 0.031894 0.052064
0 0.717206 0.700523 0.022080 0.039293
0 0.765354 0.693647 0.020240 0.041258
0 0.777314 0.404840 0.020854 0.039293
0 0.204858 0.588209 0.024534 0.058940
0 0.300540 0.666796 0.033121 0.051082
0 0.424436 0.745383 0.031894 0.055011
0 0.480557 0.798429 0.034961 0.056976
0 0.538825 0.940868 0.022694 0.037329
0 0.614880 0.966409 0.027601 0.045187
0 0.462463 0.893716 0.024534 0.037329
0 0.482397 0.969356 0.027601 0.035364
0 0.543118 0.749312 0.022694 0.043223
0 0.504171 0.781238 0.026987 0.044205
0 0.618867 0.883401 0.022080 0.040276
0 0.760243 0.951183 0.027601 0.032417
0 0.799190 0.960515 0.025761 0.033399
0 0.827404 0.883892 0.020854 0.043223
0 0.862672 0.754715 0.025147 0.042240
0 0.785697 0.652552 0.020854 0.028488
0 0.730802 0.147959 0.019014 0.034382
0 0.732029 0.218687 0.022694 0.032417
0 0.837218 0.533689 0.018400 0.026523
0 0.655667 0.988771 0.025761 0.022458
0 0.682961 0.983368 0.021467 0.033264
0 0.676214 0.140591 0.019014 0.041258
0 0.800417 0.314465 0.024534 0.035364
0 0.837525 0.262892 0.022694 0.036346
0 0.830471 0.325762 0.022080 0.042240
0 0.941487 0.932846 0.014720 0.026523
0 0.915420 0.771742 0.017787 0.036346
0 0.758096 0.741781 0.026987 0.041258