0 0.362779 0.276354 0.023997 0.031113
0 0.564467 0.270406 0.020569 0.028367
0 0.313357 0.491398 0.027996 0.032943
0 0.255650 0.504209 0.026854 0.043924
0 0.223369 0.590227 0.030853 0.047584
0 0.137380 0.700647 0.030282 0.043924
0 0.469051 0.749146 0.026282 0.042094
0 0.379348 0.475994 0.027425 0.035688
0 0.414772 0.486060 0.027425 0.039348
0 0.278504 0.257138 0.023425 0.040264
0 0.483335 0.342698 0.025140 0.032028
0 0.459909 0.125824 0.023997 0.030198
0 0.566467 0.358254 0.027996 0.033858
0 0.375349 0.812286 0.035424 0.038433
0 0.379634 0.848432 0.029139 0.033858
0 0.196801 0.879087 0.029139 0.040264
0 0.286789 0.874054 0.031996 0.043009
0 0.418772 0.789867 0.026282 0.043009
0 0.485334 0.601360 0.023425 0.039348
0 0.479907 0.452202 0.022854 0.035688
0 0.495333 0.660841 0.021711 0.033858
0 0.320213 0.915233 0.024568 0.037518
0 0.577037 0.766075 0.022854 0.037518
0 0.595034 0.957784 0.022283 0.038433
0 0.659883 0.601818 0.019426 0.032943
0 0.625316 0.242496 0.021140 0.031113
0 0.353352 0.521596 0.030282 0.042094
0 0.635029 0.793070 0.026854 0.038433
0 0.128524 0.901964 0.033138 0.047584
0 0.681594 0.049414 0.019426 0.027452
0 0.695878 0.363287 0.025140 0.031113
0 0.578465 0.581686 0.026854 0.036603
0 0.737016 0.850262 0.022854 0.030198
0 0.245937 0.690123 0.032567 0.046669
0 0.621031 0.164714 0.019426 0.031113
0 0.835765 0.344528 0.022283 0.028367
0 0.736349 0.626983 0.017712 0.028367
0 0.867475 0.893271 0.019426 0.026537
0 0.534661 0.817777 0.021140 0.029283
0 0.816910 0.397755 0.017712 0.027452
0 0.905755 0.086475 0.018283 0.028367
0 0.968604 0.830131 0.018283 0.028367
0 0.874045 0.662213 0.015427 0.018302
0 0.053698 0.913750 0.026594 0.035938
0 0.944199 0.404100 0.020721 0.029283