1 0.433464 0.508103 0.072439 0.140166
0 0.031281 0.109505 0.027912 0.042050
0 0.130636 0.139290 0.033894 0.049058
0 0.204404 0.129654 0.028577 0.061323
0 0.131965 0.335961 0.029906 0.041174
0 0.283490 0.431450 0.024590 0.044678
0 0.558959 0.371441 0.025254 0.038546
0 0.652665 0.274201 0.025254 0.040298
0 0.282825 0.200613 0.025919 0.043802
0 0.455284 0.178274 0.022596 0.044678
0 0.088767 0.870200 0.029906 0.035042
0 0.363240 0.902614 0.023260 0.028033
0 0.455616 0.956052 0.023260 0.028033
0 0.249596 0.771207 0.027248 0.036794
0 0.246273 0.527230 0.031235 0.049934
0 0.618107 0.634107 0.026583 0.030661
0 0.635386 0.598190 0.025254 0.042926
0 0.596176 0.078406 0.022596 0.044678
0 0.727431 0.139290 0.025919 0.040298
0 0.817814 0.097240 0.023260 0.035042
0 0.771293 0.148927 0.020602 0.031537
0 0.848385 0.341218 0.021931 0.041174
0 0.890918 0.548839 0.024590 0.037670
0 0.671273 0.737480 0.023925 0.025405
0 0.838416 0.650314 0.016615 0.029785
0 0.748033 0.426048 0.020602 0.029785
0 0.667618 0.445759 0.024590 0.035918