0 0.390088 0.205299 0.026497 0.036150
0 0.288518 0.349899 0.019627 0.045580
0 0.243376 0.314535 0.027478 0.037722
0 0.240922 0.455205 0.024534 0.045580
0 0.231600 0.591947 0.027478 0.055011
0 0.207556 0.704326 0.028459 0.062870
0 0.164868 0.811990 0.031403 0.067585
0 0.117763 0.856785 0.031403 0.059726
0 0.110893 0.954232 0.041217 0.072300
0 0.227674 0.975451 0.041217 0.045580
0 0.283611 0.734975 0.033366 0.051867
0 0.275761 0.601377 0.037291 0.061298
0 0.320412 0.594304 0.030422 0.062870
0 0.364082 0.568371 0.029441 0.058154
0 0.410697 0.807275 0.030422 0.051867
0 0.368499 0.460707 0.030422 0.053439
0 0.373896 0.318464 0.033366 0.061298
0 0.358194 0.652459 0.029441 0.059726
0 0.544652 0.786056 0.029441 0.053439
0 0.505888 0.852069 0.026497 0.053439
0 0.483317 0.856785 0.026497 0.044009
0 0.627085 0.865429 0.025515 0.036150
0 0.681060 0.829279 0.027478 0.048724
0 0.765456 0.838710 0.025515 0.042437
0 0.860648 0.940087 0.017664 0.037722
0 0.759568 0.610808 0.023553 0.042437
0 0.728165 0.386049 0.023553 0.039293
0 0.781649 0.588803 0.024534 0.042437
0 0.848871 0.524362 0.019627 0.042437
0 0.948970 0.803346 0.023553 0.037722
0 0.910697 0.939301 0.021590 0.039293
0 0.477920 0.548724 0.025515 0.037722
0 0.945535 0.574658 0.016683 0.033007
0 0.963690 0.545580 0.017664 0.034578
0 0.815015 0.536150 0.020608 0.034578
0 0.819921 0.147145 0.022571 0.029863
0 0.763494 0.393122 0.015702 0.034578
0 0.774289 0.291745 0.021590 0.039293
0 0.764475 0.325537 0.019627 0.037722