0 0.357213 0.294888 0.027478 0.048724
0 0.275761 0.452062 0.025515 0.048724
0 0.241904 0.566013 0.026497 0.056583
0 0.165358 0.683108 0.032385 0.067585
0 0.217370 0.709041 0.038273 0.059726
0 0.267419 0.378976 0.022571 0.047152
0 0.260059 0.272098 0.025515 0.053439
0 0.309127 0.958162 0.029441 0.067585
0 0.381747 0.890577 0.029441 0.058154
0 0.394504 0.818277 0.031403 0.067585
0 0.425417 0.741262 0.028459 0.048724
0 0.319921 0.534578 0.023553 0.050296
0 0.456330 0.469351 0.029441 0.045580
0 0.439647 0.177794 0.023553 0.053439
0 0.495093 0.333396 0.030422 0.056583
0 0.433268 0.668176 0.030422 0.047152
0 0.478901 0.668176 0.031403 0.047152
0 0.498528 0.782913 0.027478 0.050296
0 0.327772 0.668962 0.023553 0.042437
0 0.329735 0.817491 0.031403 0.047152
0 0.564279 0.510216 0.025515 0.039293
0 0.546124 0.151074 0.020608 0.037722
0 0.791953 0.255595 0.023553 0.039293
0 0.739941 0.426914 0.021590 0.033007
0 0.675662 0.129856 0.020608 0.036150
0 0.505888 0.637527 0.028459 0.048724
0 0.576546 0.705898 0.022571 0.047152
0 0.744357 0.692538 0.026497 0.042437
0 0.686948 0.903151 0.031403 0.045580
0 0.522571 0.547152 0.026497 0.037722
0 0.881256 0.209228 0.021590 0.034578
0 0.948479 0.339683 0.022571 0.031435
0 0.850343 0.905509 0.026497 0.037722
0 0.847890 0.782913 0.019627 0.028291
0 0.797841 0.594304 0.021590 0.037722
0 0.917076 0.819849 0.022571 0.036150
0 0.924926 0.791558 0.020608 0.036150
0 0.753189 0.802560 0.022571 0.036150
0 0.329735 0.342826 0.015702 0.025148
0 0.344455 0.975451 0.025515 0.048724
1 0.648675 0.349899 0.107949 0.064441
1 0.626595 0.259524 0.034347 0.147743
1 0.819431 0.369546 0.041217 0.147743
0 0.728165 0.301175 0.017664 0.036150
0 0.860648 0.715328 0.013739 0.028291
0 0.848381 0.621810 0.020608 0.042437
0 0.557900 0.984189 0.020608 0.031622