0 0.353825 0.202949 0.022596 0.033290
0 0.284708 0.062783 0.022596 0.036794
0 0.448860 0.128924 0.023925 0.037670
0 0.504685 0.133742 0.023925 0.043802
0 0.293680 0.266462 0.023260 0.039422
0 0.123547 0.416265 0.031235 0.035918
0 0.349505 0.366769 0.027248 0.029785
0 0.615338 0.234925 0.024590 0.046430
0 0.057421 0.903052 0.030571 0.035918
0 0.098625 0.860126 0.029242 0.042926
0 0.164751 0.810629 0.027248 0.035042
0 0.375091 0.900861 0.025254 0.029785
0 0.358144 0.942035 0.025919 0.031537
0 0.414966 0.846547 0.025254 0.033290
0 0.507343 0.648124 0.023925 0.035918
0 0.543895 0.642430 0.018608 0.031537
0 0.561507 0.626223 0.020602 0.034166
0 0.623313 0.659512 0.021931 0.035918
0 0.679470 0.613958 0.023925 0.039422
0 0.573469 0.825522 0.020602 0.036794
0 0.567820 0.902614 0.025254 0.029785
0 0.345850 0.716893 0.022596 0.029785
0 0.319599 0.264564 0.032565 0.056067
0 0.383066 0.210688 0.025254 0.035918
0 0.628629 0.425756 0.023260 0.038546
0 0.347843 0.506351 0.026583 0.038546
0 0.068387 0.819390 0.031235 0.047306
0 0.731750 0.941743 0.022596 0.038546
0 0.774616 0.742006 0.027248 0.036794
0 0.642364 0.098117 0.024590 0.042050
0 0.727763 0.206746 0.027912 0.047306