0 0.250195 0.151528 0.028037 0.041886
0 0.167330 0.226265 0.025545 0.036958
0 0.334618 0.314143 0.026168 0.040243
0 0.419664 0.102250 0.028037 0.043528
0 0.409072 0.298127 0.028037 0.045992
0 0.253934 0.438157 0.031775 0.046813
0 0.396300 0.551084 0.024922 0.041064
0 0.490691 0.431176 0.026791 0.047635
0 0.136178 0.588863 0.031775 0.037779
0 0.256426 0.661410 0.026791 0.045992
0 0.201909 0.510704 0.026168 0.048456
0 0.226831 0.754627 0.027414 0.033673
0 0.119667 0.948040 0.032398 0.041064
0 0.353310 0.098965 0.027414 0.040243
0 0.376362 0.088699 0.024922 0.049277
0 0.543962 0.077201 0.019937 0.039422
0 0.445832 0.199162 0.030529 0.051741
0 0.385396 0.383952 0.020561 0.033673
0 0.205648 0.657304 0.024922 0.041064
0 0.560784 0.787478 0.022430 0.032030
0 0.608758 0.667159 0.021184 0.037779
0 0.625581 0.580924 0.019937 0.036137
0 0.387266 0.675783 0.023053 0.032030
0 0.120913 0.143725 0.029906 0.050920
0 0.857042 0.548210 0.023053 0.048456
0 0.818725 0.817044 0.018691 0.032030
0 0.519040 0.960359 0.023676 0.036137
0 0.900655 0.317291 0.021807 0.037779
0 0.953926 0.444180 0.022430 0.033673
0 0.675113 0.249261 0.026791 0.041886