1 0.988502 0.530223 0.022996 0.166886
0 0.107622 0.399967 0.033644 0.044350
0 0.190798 0.078022 0.024299 0.041064
0 0.405749 0.147421 0.029283 0.043528
0 0.264941 0.200394 0.030529 0.042707
0 0.268679 0.347815 0.025545 0.036958
0 0.235346 0.424195 0.031152 0.045171
0 0.346560 0.144547 0.026791 0.045992
0 0.528178 0.164668 0.023676 0.040243
0 0.526620 0.282523 0.028037 0.052562
0 0.347910 0.398735 0.024922 0.040243
0 0.395573 0.379846 0.023053 0.038601
0 0.049159 0.702064 0.031775 0.040243
0 0.330776 0.698779 0.025545 0.041886
0 0.416445 0.903280 0.027414 0.032030
0 0.392769 0.843736 0.026168 0.044350
0 0.598374 0.906975 0.023676 0.044350
0 0.289655 0.393671 0.021807 0.036137
0 0.430152 0.440895 0.023676 0.050099
0 0.562549 0.500027 0.024299 0.036958
0 0.588717 0.454446 0.028037 0.047635
0 0.495572 0.612544 0.027414 0.043528
0 0.447286 0.518506 0.024299 0.045992
0 0.627969 0.185611 0.021807 0.036137
0 0.408345 0.752163 0.024922 0.036958
0 0.461927 0.861394 0.024922 0.035315
0 0.670751 0.193003 0.026791 0.044350
0 0.855173 0.275542 0.026791 0.050099
0 0.664209 0.466081 0.024922 0.045171
0 0.604397 0.683996 0.022430 0.036958
0 0.923708 0.739433 0.024299 0.045992
0 0.537108 0.761608 0.029906 0.042707
0 0.628073 0.612133 0.024922 0.032852