2 0.334930 0.280059 0.057320 0.221748
0 0.306789 0.052562 0.026791 0.037779
0 0.161931 0.113748 0.023676 0.040243
0 0.127040 0.481275 0.028660 0.045992
0 0.265356 0.399146 0.023676 0.041064
0 0.448532 0.357671 0.031152 0.045171
0 0.494637 0.325641 0.022430 0.041886
0 0.233892 0.307162 0.030529 0.042707
0 0.068474 0.902048 0.028660 0.037779
0 0.178130 0.897941 0.027414 0.039422
0 0.352271 0.921759 0.026791 0.027924
0 0.028599 0.221748 0.031152 0.049277
0 0.403361 0.222158 0.023053 0.043528
0 0.651645 0.622399 0.026168 0.045171
0 0.698062 0.610491 0.028037 0.049277
0 0.553515 0.924223 0.023053 0.032852
0 0.200871 0.833881 0.028037 0.039422
0 0.485291 0.633897 0.024922 0.038601
0 0.703046 0.138798 0.020561 0.037779
0 0.575322 0.111695 0.025545 0.045992
0 0.877083 0.144136 0.024299 0.043528
0 0.967425 0.758733 0.023053 0.030388
0 0.887364 0.835523 0.017445 0.026281