0 0.359947 0.260593 0.031544 0.058379
0 0.348030 0.354898 0.027338 0.044907
0 0.237628 0.425626 0.035048 0.051643
0 0.189261 0.521053 0.030843 0.053888
0 0.149306 0.551365 0.032244 0.051643
0 0.349783 0.412154 0.032244 0.047152
0 0.299664 0.695067 0.032945 0.051643
0 0.283892 0.848124 0.035048 0.049397
0 0.167181 0.772905 0.027338 0.060624
0 0.364153 0.660638 0.027338 0.040416
0 0.378172 0.681408 0.025936 0.048275
0 0.574443 0.532092 0.021730 0.037048
0 0.469298 0.399056 0.023132 0.044907
0 0.512407 0.459119 0.015421 0.034803
0 0.510655 0.318785 0.021730 0.034803
0 0.476658 0.873384 0.025235 0.034803
0 0.501893 0.972740 0.025235 0.042661
0 0.215898 0.861035 0.025235 0.046029
0 0.192416 0.902012 0.034347 0.067360
0 0.465793 0.706106 0.023132 0.055011
0 0.492430 0.633133 0.031544 0.050520
0 0.446516 0.971618 0.032244 0.053888
0 0.254101 0.393630 0.027338 0.048275
0 0.752138 0.474836 0.016823 0.028067
0 0.647694 0.418703 0.019627 0.030312
0 0.623160 0.132609 0.018225 0.035925
0 0.794196 0.187058 0.022431 0.032557
0 0.872704 0.662135 0.018225 0.029189
0 0.596173 0.703112 0.023132 0.034803
0 0.462989 0.512071 0.023132 0.035925