0 0.275870 0.158151 0.026169 0.040167
0 0.507578 0.366406 0.020717 0.030562
0 0.448697 0.131955 0.020717 0.029688
0 0.481409 0.148983 0.021808 0.034054
0 0.510304 0.214908 0.026169 0.041913
0 0.554738 0.040271 0.017991 0.031435
0 0.365009 0.244160 0.032167 0.053264
0 0.347836 0.442810 0.028350 0.047152
0 0.329844 0.687303 0.029441 0.050645
0 0.477592 0.748281 0.030531 0.046279
0 0.490677 0.657032 0.026169 0.036674
0 0.541108 0.493310 0.029986 0.032308
0 0.610893 0.444848 0.025624 0.034928
0 0.592084 0.521252 0.019627 0.028815
0 0.398811 0.447467 0.024534 0.036674
0 0.256788 0.640879 0.029441 0.044533
0 0.312125 0.857429 0.031076 0.041040
0 0.406172 0.874893 0.034893 0.035801
0 0.453604 0.850444 0.028350 0.041040
0 0.626704 0.726451 0.021263 0.035801
0 0.620161 0.821628 0.021263 0.032308
0 0.679315 0.673186 0.022898 0.034054
0 0.739832 0.731253 0.022898 0.038420
0 0.721568 0.794996 0.015811 0.029688
0 0.731109 0.662708 0.020717 0.034054
0 0.567005 0.815953 0.019627 0.033181
0 0.447607 0.493310 0.020717 0.030562
0 0.489587 0.537842 0.021808 0.039293
0 0.528568 0.942565 0.027805 0.036674
0 0.562916 0.934706 0.028895 0.036674
0 0.685585 0.888864 0.019082 0.025322
0 0.621524 0.274576 0.016356 0.029688
0 0.640879 0.153785 0.015811 0.027942
0 0.670319 0.150292 0.019082 0.031435
0 0.669774 0.312269 0.020172 0.034054
0 0.719660 0.161207 0.017446 0.028815
0 0.397994 0.140251 0.026169 0.042786
0 0.773634 0.381105 0.014175 0.019210
0 0.819158 0.522998 0.015811 0.021830
0 0.866045 0.868781 0.021263 0.028815
0 0.514666 0.500732 0.015266 0.024449
0 0.718024 0.077381 0.020717 0.027069
0 0.177007 0.749590 0.037073 0.047152
0 0.224167 0.829924 0.026715 0.036674
0 0.408443 0.668384 0.026715 0.038420
0 0.364282 0.653976 0.032167 0.041040
0 0.208629 0.666638 0.037073 0.057630
0 0.269691 0.303828 0.029441 0.041040
0 0.330480 0.460711 0.029986 0.044533