2 0.844893 0.193413 0.037383 0.193003
0 0.729318 0.221748 0.020561 0.032852
0 0.545208 0.182326 0.022430 0.037779
0 0.640845 0.243922 0.023053 0.037779
0 0.622777 0.330568 0.025545 0.027102
0 0.532124 0.328926 0.024922 0.032030
0 0.557357 0.384363 0.020561 0.036137
0 0.749255 0.415982 0.024299 0.050099
0 0.842089 0.548210 0.023053 0.040243
0 0.663898 0.444317 0.024299 0.031209
0 0.558915 0.515358 0.024922 0.038601
0 0.854238 0.803493 0.022430 0.024639
1 0.869503 0.869196 0.095326 0.054205
0 0.461408 0.906975 0.024299 0.024639
0 0.773865 0.749699 0.026168 0.035315
0 0.505333 0.860162 0.023676 0.029566
0 0.383216 0.510704 0.023676 0.032030
0 0.448947 0.288683 0.024299 0.038601
0 0.426517 0.203679 0.024299 0.036137
0 0.572933 0.172470 0.021807 0.039422
0 0.467327 0.104304 0.022430 0.037779
0 0.477296 0.495237 0.024922 0.024639
0 0.470754 0.656620 0.021807 0.027102
0 0.729318 0.531236 0.023053 0.040243
0 0.251130 0.837166 0.021184 0.032852
0 0.260164 0.771463 0.026791 0.032852
0 0.312188 0.801851 0.023676 0.031209
0 0.361409 0.768178 0.026168 0.031209
0 0.321534 0.677015 0.027414 0.037779
0 0.424337 0.886854 0.023676 0.033673
0 0.171069 0.288956 0.023053 0.040243
0 0.181660 0.093079 0.023053 0.042707
0 0.327142 0.142767 0.023676 0.048456
0 0.319665 0.396545 0.028660 0.050099
0 0.281659 0.400652 0.024922 0.038601
0 0.234619 0.334127 0.025545 0.041886
0 0.206582 0.449929 0.025545 0.041886
0 0.150197 0.396134 0.023676 0.042707
0 0.273248 0.982945 0.026791 0.033673
0 0.593182 0.575175 0.019937 0.034494