0 0.380275 0.850931 0.031544 0.041539
0 0.267069 0.875068 0.029441 0.053888
0 0.321394 0.942990 0.035749 0.059502
0 0.377471 0.512446 0.024534 0.035925
0 0.303519 0.494483 0.026637 0.042661
0 0.483667 0.548371 0.028039 0.033680
0 0.384831 0.618538 0.026637 0.039293
0 0.418477 0.870577 0.021029 0.035925
0 0.346628 0.871139 0.027338 0.041539
0 0.511356 0.947480 0.027338 0.037048
0 0.513809 0.877875 0.023833 0.037048
0 0.502594 0.716772 0.023833 0.042661
0 0.528880 0.497290 0.023132 0.034803
0 0.378522 0.423193 0.022431 0.030312
0 0.132833 0.735857 0.021730 0.040416
0 0.707977 0.980757 0.032244 0.038486
0 0.614047 0.552300 0.016823 0.034803
0 0.550610 0.324398 0.021730 0.041539
0 0.621057 0.227287 0.018225 0.033680
0 0.524674 0.214938 0.016122 0.035925
1 0.327702 0.563527 0.066592 0.102163
0 0.696061 0.575315 0.023833 0.026944
0 0.715337 0.730244 0.017524 0.026944
0 0.537642 0.653341 0.019627 0.030312
0 0.652601 0.397559 0.016823 0.026944
0 0.558671 0.120259 0.023833 0.033680
0 0.830646 0.918852 0.021029 0.024699
0 0.843614 0.778518 0.017524 0.026944
0 0.953666 0.804340 0.023132 0.029189
0 0.555166 0.596646 0.028039 0.031435
0 0.661012 0.298016 0.012617 0.026944
0 0.602832 0.291841 0.011215 0.021331
0 0.693958 0.344045 0.022431 0.033680
0 0.697462 0.882927 0.023833 0.024699
0 0.407963 0.740909 0.029441 0.037048