1 0.479564 0.674113 0.109656 0.060447
0 0.137138 0.026281 0.028909 0.039422
0 0.390900 0.235436 0.025545 0.042707
0 0.432332 0.191908 0.021184 0.034494
0 0.322988 0.081855 0.025545 0.044350
0 0.237631 0.360545 0.033021 0.041064
0 0.299624 0.399146 0.024922 0.042707
0 0.080312 0.689745 0.029906 0.036958
0 0.034829 0.718079 0.028660 0.041064
0 0.118317 0.963644 0.033644 0.036137
0 0.176261 0.928329 0.032398 0.031209
0 0.351960 0.959538 0.019937 0.031209
0 0.339499 0.711509 0.022430 0.027924
0 0.286228 0.630201 0.030529 0.042707
0 0.547908 0.579692 0.024299 0.035315
0 0.626723 0.731631 0.026168 0.045171
0 0.778123 0.714794 0.026168 0.041064
0 0.825786 0.660179 0.021807 0.038601
0 0.385604 0.673319 0.029906 0.033673
0 0.448843 0.332211 0.021807 0.035315
0 0.412084 0.335496 0.020561 0.033673
0 0.493391 0.331800 0.028660 0.041064
0 0.478438 0.245154 0.023676 0.043528
0 0.569403 0.376971 0.026168 0.047635
0 0.598997 0.324819 0.031775 0.046813
0 0.644480 0.373686 0.020561 0.039422
0 0.733264 0.361367 0.022430 0.044350
0 0.538873 0.132638 0.024922 0.043528
0 0.062243 0.125246 0.031152 0.048456
0 0.100249 0.264455 0.031152 0.045992
0 0.222989 0.492773 0.028660 0.039422
0 0.101807 0.538765 0.029283 0.041064
0 0.446974 0.570795 0.025545 0.039422
0 0.583421 0.948451 0.023053 0.028745
0 0.674282 0.367937 0.023676 0.045992
0 0.838455 0.252546 0.025545 0.048456
0 0.653098 0.036137 0.024922 0.039422
0 0.868361 0.542734 0.023053 0.040243
0 0.893906 0.624863 0.024299 0.038601
0 0.680824 0.824025 0.024299 0.036137
0 0.520390 0.973500 0.023676 0.032852
0 0.325999 0.927918 0.023676 0.023817