0 0.365146 0.780092 0.024534 0.049117
2 0.421880 0.883170 0.101202 0.233660
0 0.296757 0.850820 0.031281 0.039293
2 0.288477 0.864082 0.143523 0.187626
0 0.407160 0.664668 0.027601 0.042240
0 0.210582 0.664177 0.034347 0.047152
0 0.493642 0.720170 0.027601 0.033399
0 0.422800 0.499635 0.026987 0.042240
0 0.280504 0.552190 0.028214 0.047152
0 0.304118 0.444133 0.025147 0.039293
0 0.766274 0.231130 0.020854 0.028488
0 0.543936 0.302349 0.023921 0.041258
0 0.246156 0.924005 0.026987 0.028488
0 0.218249 0.882746 0.020240 0.032417
0 0.599853 0.671217 0.026987 0.038311
0 0.534531 0.692828 0.023921 0.032417
0 0.616106 0.514534 0.023921 0.029470
0 0.776190 0.987134 0.027601 0.025732
0 0.758710 0.864246 0.022080 0.033399
0 0.623467 0.919748 0.022694 0.038311
0 0.789070 0.589683 0.025147 0.032417
0 0.645854 0.340660 0.018400 0.027505
0 0.971847 0.846400 0.022694 0.026523
0 0.839978 0.856714 0.016560 0.023576
0 0.894259 0.968210 0.019627 0.026523
0 0.646774 0.633724 0.028827 0.029470
0 0.992517 0.526649 0.014966 0.027505
0 0.953754 0.746693 0.018400 0.027505
0 0.540358 0.488338 0.023307 0.031435
0 0.211605 0.471147 0.028214 0.048134