0 0.509438 0.340808 0.019050 0.032359
0 0.535704 0.234946 0.020782 0.036982
0 0.401778 0.166992 0.023091 0.043454
0 0.606419 0.694911 0.023668 0.037907
0 0.487502 0.527105 0.025977 0.038831
0 0.566876 0.534039 0.025400 0.039756
0 0.565145 0.467471 0.026554 0.043454
0 0.385903 0.637126 0.027132 0.031435
0 0.432085 0.611701 0.029441 0.041605
0 0.517231 0.872425 0.023091 0.041605
2 0.684639 0.846075 0.118917 0.146079
0 0.708884 0.644523 0.021936 0.029586
2 0.522427 0.670410 0.135081 0.208949
0 0.303643 0.746224 0.027709 0.038831
0 0.309127 0.889067 0.031750 0.037907
0 0.247648 0.865491 0.033481 0.048077
0 0.359349 0.761016 0.036368 0.057322
0 0.439012 0.903397 0.028286 0.046228
0 0.239566 0.662089 0.036945 0.055473
0 0.277088 0.504916 0.030018 0.038831
0 0.299024 0.462848 0.031172 0.034208
1 0.478266 0.332949 0.076777 0.146079
0 0.322692 0.412923 0.024245 0.032359
0 0.304508 0.134632 0.023668 0.041605
0 0.334238 0.107820 0.024245 0.037907
0 0.600647 0.116604 0.022513 0.036982
0 0.542920 0.105509 0.021359 0.036982
0 0.542631 0.942691 0.025400 0.032359
0 0.200600 0.525718 0.028286 0.039756
0 0.107372 0.815103 0.032327 0.060096
0 0.070138 0.851160 0.032904 0.041605
0 0.186169 0.967654 0.027132 0.049001
0 0.460371 0.716638 0.028286 0.042529
0 0.745252 0.475792 0.021936 0.028661
0 0.843676 0.558077 0.019050 0.024963
0 0.905732 0.804933 0.025400 0.036058
0 0.785949 0.307986 0.022513 0.031435
0 0.879178 0.389347 0.023091 0.038831
0 0.840790 0.155897 0.019050 0.036058
0 0.895341 0.137868 0.021936 0.035133
0 0.872539 0.113830 0.021359 0.031435
0 0.648560 0.318618 0.027132 0.034208
0 0.847140 0.750384 0.017895 0.019416
0 0.830976 0.890454 0.020204 0.024038
0 0.899960 0.315845 0.015009 0.026812