0 0.137083 0.740963 0.025147 0.036346
0 0.199031 0.828390 0.028827 0.038311
0 0.310967 0.545969 0.033121 0.029470
0 0.314647 0.360307 0.023307 0.035364
0 0.448970 0.497670 0.024534 0.034382
0 0.314033 0.505038 0.022080 0.031435
0 0.325687 0.465253 0.026987 0.038311
0 0.342247 0.674000 0.023307 0.035364
0 0.314647 0.976068 0.035574 0.044205
0 0.461237 0.761428 0.024534 0.037329
0 0.461543 0.704943 0.025147 0.036346
0 0.570412 0.813492 0.024534 0.035364
0 0.567652 0.855241 0.025147 0.032417
0 0.269566 0.738343 0.026374 0.032417
0 0.506624 0.548261 0.025761 0.039293
0 0.463997 0.340988 0.022694 0.037329
0 0.333660 0.266821 0.028214 0.042240
0 0.360648 0.111121 0.017174 0.033399
0 0.372301 0.044813 0.018400 0.034382
0 0.391928 0.271242 0.020854 0.035364
0 0.501717 0.271733 0.022080 0.032417
0 0.574706 0.305132 0.020854 0.034382
0 0.600466 0.249139 0.023307 0.034382
0 0.584212 0.642074 0.022694 0.032417
0 0.406035 0.684806 0.022080 0.031435
0 0.578386 0.946598 0.023307 0.034382
0 0.651067 0.965263 0.023921 0.030452
0 0.677134 0.920075 0.022080 0.028488
0 0.686335 0.831665 0.018400 0.028488
0 0.679281 0.618989 0.022694 0.027505
0 0.670388 0.497179 0.018400 0.027505
0 0.773123 0.966736 0.017787 0.025541
0 0.675294 0.777636 0.015947 0.028488
0 0.827404 0.698558 0.018400 0.025541
0 0.718229 0.628321 0.020854 0.026523
0 0.742456 0.716732 0.019014 0.028488
0 0.915113 0.753569 0.024534 0.025541
0 0.959887 0.747675 0.019627 0.027505
0 0.921860 0.475077 0.015947 0.026523
0 0.789990 0.524685 0.017174 0.029470
0 0.666401 0.343444 0.019014 0.028488
0 0.766683 0.852785 0.018400 0.027505
0 0.769136 0.915655 0.019627 0.023576
0 0.902233 0.909269 0.020854 0.024558
0 0.736322 0.089018 0.019014 0.022594
0 0.651681 0.618989 0.016560 0.027505
0 0.432409 0.771742 0.023307 0.038311
0 0.834151 0.282539 0.014720 0.030452
0 0.627147 0.215740 0.019014 0.026523
0 0.172657 0.614241 0.030054 0.052064