0 0.091780 0.096583 0.022928 0.027595
0 0.175666 0.125609 0.032838 0.037876
0 0.127288 0.114401 0.026388 0.038649
0 0.248965 0.088506 0.022283 0.037876
0 0.283269 0.064544 0.028733 0.034784
0 0.253363 0.187447 0.024042 0.040968
0 0.351584 0.197109 0.024629 0.041741
0 0.374454 0.080003 0.024629 0.037876
0 0.077444 0.439437 0.027561 0.040968
0 0.319626 0.604081 0.027561 0.037876
0 0.352171 0.554224 0.023456 0.038649
0 0.240462 0.554997 0.029906 0.034011
0 0.175959 0.666950 0.029906 0.037876
0 0.265677 0.928216 0.031079 0.040968
0 0.133445 0.947154 0.028147 0.034011
0 0.107644 0.966479 0.028147 0.037103
0 0.271835 0.755842 0.028147 0.037876
0 0.513430 0.380176 0.025801 0.044060
0 0.670877 0.393316 0.026388 0.039422
0 0.504047 0.258947 0.028147 0.044833
0 0.516069 0.051016 0.025215 0.041741
0 0.438957 0.862513 0.029320 0.037876
0 0.566205 0.809178 0.021110 0.036330
0 0.285029 0.148025 0.021697 0.030146
0 0.384423 0.514030 0.024629 0.038649
0 0.377679 0.588235 0.025215 0.041741
0 0.331647 0.740769 0.021110 0.038649
0 0.149571 0.354281 0.028733 0.041741
0 0.742613 0.093530 0.019937 0.026281
0 0.555846 0.040968 0.022869 0.040195
0 0.763723 0.335987 0.022283 0.040195
0 0.911788 0.365360 0.025215 0.049471
0 0.692476 0.667337 0.022869 0.026281
0 0.878070 0.891113 0.021110 0.036330
0 0.715639 0.688980 0.022283 0.040195
0 0.610087 0.580763 0.024629 0.052562
0 0.668141 0.886089 0.021110 0.032465
0 0.628266 0.964546 0.024629 0.034784
0 0.557898 0.420113 0.025801 0.047152
0 0.921464 0.229188 0.021110 0.044060
0 0.807117 0.178944 0.024629 0.044060
0 0.425470 0.522790 0.027561 0.044833
0 0.384129 0.193244 0.026974 0.040195
0 0.555650 0.147252 0.028733 0.044060
0 0.332527 0.818454 0.028147 0.036330
0 0.548614 0.712169 0.024042 0.040195
0 0.508445 0.721831 0.025801 0.042514
0 0.807214 0.715648 0.024042 0.045606
0 0.542163 0.976656 0.024042 0.040968