0 0.220260 0.385550 0.030095 0.053439
0 0.250354 0.312726 0.026169 0.048200
0 0.417839 0.507622 0.028786 0.046104
0 0.316432 0.288277 0.027478 0.052391
0 0.399520 0.305566 0.031403 0.042961
0 0.293861 0.119053 0.028132 0.036674
0 0.409988 0.130055 0.027478 0.037722
0 0.329844 0.127436 0.025515 0.049248
0 0.436485 0.241125 0.033366 0.050296
0 0.502890 0.222264 0.026169 0.046104
0 0.425363 0.604196 0.033366 0.047152
0 0.516956 0.489983 0.029441 0.051343
0 0.566678 0.655540 0.021590 0.032483
0 0.654018 0.605768 0.026169 0.039817
0 0.544434 0.354290 0.020281 0.035626
0 0.666121 0.138962 0.021590 0.028291
0 0.697198 0.272036 0.022244 0.036674
0 0.706684 0.481077 0.018973 0.037722
0 0.222549 0.855500 0.032058 0.058678
0 0.343256 0.863359 0.026169 0.049248
0 0.284375 0.912082 0.034020 0.039817
0 0.342929 0.789487 0.024207 0.037722
2 0.259582 0.633608 0.196135 0.244697
0 0.405408 0.877504 0.027478 0.050296
0 0.464290 0.740239 0.022244 0.044009
0 0.520227 0.942469 0.022898 0.041913
0 0.571257 0.843450 0.026824 0.049248
0 0.616727 0.833495 0.024861 0.039817
0 0.617054 0.900032 0.016356 0.038770
0 0.711591 0.838735 0.014393 0.031435
0 0.740377 0.775341 0.019627 0.038770
0 0.761967 0.769054 0.018319 0.042961
0 0.615418 0.576778 0.015702 0.027243
0 0.364737 0.554250 0.020281 0.034578
0 0.361465 0.503954 0.020281 0.045057
0 0.462218 0.408078 0.025515 0.041913
0 0.537455 0.211786 0.022898 0.046104
0 0.565914 0.169349 0.027478 0.051343
0 0.597645 0.343812 0.021590 0.039817
0 0.761531 0.222264 0.020936 0.037722
0 0.924436 0.548662 0.017010 0.036674
0 0.966961 0.920989 0.023553 0.032483
0 0.563624 0.531722 0.025515 0.037722