1 0.265735 0.441524 0.158503 0.063075
2 0.228850 0.267411 0.044859 0.243101
0 0.163555 0.147175 0.027912 0.047306
0 0.357946 0.180683 0.025919 0.038108
0 0.470094 0.153745 0.024922 0.034166
0 0.478069 0.192510 0.030903 0.045992
0 0.530405 0.279895 0.031900 0.044678
0 0.757692 0.172142 0.027912 0.039422
0 0.355952 0.383706 0.025919 0.042050
0 0.034460 0.568331 0.030903 0.048620
0 0.209411 0.659001 0.035887 0.038108
0 0.477570 0.519054 0.025919 0.039422
0 0.389823 0.078844 0.020602 0.038546
0 0.380186 0.614834 0.026583 0.037670
0 0.500808 0.558330 0.025919 0.035042
0 0.523736 0.529420 0.029242 0.042050
0 0.341641 0.686232 0.027912 0.038546
0 0.388161 0.710761 0.029242 0.042050
0 0.233646 0.589429 0.031235 0.042926
0 0.088102 0.841729 0.027248 0.041174
0 0.266875 0.937655 0.021931 0.033290
0 0.359584 0.952548 0.033229 0.045554
0 0.436676 0.872390 0.025254 0.041174
0 0.528056 0.892977 0.023260 0.038546
0 0.567599 0.307344 0.026583 0.051686
0 0.164862 0.362535 0.027912 0.053438
0 0.143595 0.339758 0.026583 0.046430
0 0.277176 0.234779 0.026583 0.042050
0 0.428036 0.335085 0.026583 0.039422
0 0.392481 0.544021 0.027248 0.043802
0 0.595511 0.053876 0.029242 0.039422
0 0.709155 0.097240 0.025254 0.047306
0 0.749362 0.721419 0.024590 0.042926
0 0.684897 0.565922 0.023260 0.045554
0 0.783588 0.897795 0.025254 0.037670
0 0.426707 0.504015 0.023925 0.038546
0 0.917169 0.707257 0.021267 0.036794
0 0.250925 0.972405 0.021931 0.028033