0 0.386583 0.393068 0.028740 0.049397
0 0.302117 0.136538 0.036450 0.050520
0 0.535189 0.316727 0.025936 0.044907
0 0.400603 0.220177 0.027338 0.044907
0 0.386583 0.753820 0.027338 0.044907
0 0.244638 0.672426 0.032244 0.043784
0 0.263914 0.777396 0.024534 0.038171
0 0.310178 0.943551 0.027338 0.051643
0 0.400603 0.920536 0.031544 0.043784
0 0.507500 0.852615 0.033646 0.047152
0 0.505397 0.957023 0.035048 0.047152
0 0.361699 0.783009 0.025235 0.040416
0 0.341722 0.899767 0.030142 0.040416
0 0.438455 0.951410 0.032945 0.049397
0 0.536240 0.736980 0.026637 0.047152
0 0.620707 0.824548 0.025936 0.040416
0 0.656105 0.852053 0.021029 0.043784
0 0.736366 0.979476 0.028740 0.033680
0 0.769662 0.977950 0.025235 0.044100
0 0.798402 0.775150 0.026637 0.047152
0 0.663816 0.583174 0.021029 0.033680
0 0.437404 0.724069 0.025235 0.032557
0 0.476658 0.491115 0.026637 0.053888
0 0.542549 0.509639 0.025235 0.046029
0 0.666620 0.474462 0.019627 0.041539
0 0.433899 0.903696 0.026637 0.041539
0 0.306673 0.654463 0.023132 0.050520
0 0.458433 0.231965 0.019627 0.037048
0 0.703070 0.327392 0.021029 0.030312
0 0.643138 0.279679 0.023132 0.038171
0 0.594070 0.531157 0.023132 0.042661
0 0.617552 0.226352 0.021029 0.034803
0 0.442310 0.148887 0.023833 0.043784
0 0.759498 0.638185 0.020328 0.033680