0 0.546069 0.165157 0.024861 0.038770
0 0.485879 0.060899 0.023553 0.046104
0 0.303348 0.180351 0.030095 0.054487
0 0.272598 0.328094 0.031403 0.044009
0 0.337695 0.307662 0.025515 0.034578
0 0.350125 0.393583 0.025515 0.034578
0 0.178716 0.520894 0.026824 0.044009
0 0.245120 0.603148 0.027478 0.045057
0 0.248392 0.449642 0.024861 0.048200
0 0.335732 0.503605 0.024207 0.047152
0 0.365827 0.697278 0.033366 0.054487
0 0.425690 0.490856 0.028786 0.050296
0 0.435503 0.585161 0.026169 0.044009
0 0.462327 0.676846 0.028786 0.045057
0 0.347181 0.735000 0.026169 0.046104
0 0.453822 0.959235 0.030095 0.039817
0 0.476066 0.874885 0.032712 0.045057
0 0.528405 0.675274 0.027478 0.044009
0 0.504852 0.589352 0.014393 0.031435
0 0.462654 0.387646 0.026824 0.047152
0 0.442700 0.290372 0.018319 0.052391
0 0.568313 0.323903 0.023553 0.037722
0 0.631447 0.545518 0.020281 0.036674
0 0.623596 0.961854 0.026824 0.034578
0 0.694254 0.759100 0.025515 0.037722
0 0.707665 0.730809 0.027478 0.033530
0 0.699815 0.845022 0.019627 0.027243
0 0.826736 0.850261 0.022244 0.037722
0 0.803184 0.947708 0.024861 0.031435
0 0.702104 0.557917 0.022898 0.031435
0 0.618689 0.196068 0.020936 0.039817
0 0.759023 0.390440 0.020281 0.032483
0 0.725330 0.667590 0.018319 0.020957
0 0.540508 0.572238 0.017664 0.027243
0 0.629157 0.708455 0.017010 0.033530
0 0.600371 0.671781 0.019627 0.035626
0 0.586632 0.785819 0.026169 0.034578
0 0.388398 0.293516 0.024861 0.035626
0 0.761204 0.293167 0.020281 0.027243
0 0.877331 0.133897 0.022244 0.031435
0 0.789009 0.303470 0.020936 0.038770
0 0.781485 0.168825 0.020281 0.044009
0 0.518482 0.363196 0.021590 0.047152
0 0.526987 0.407205 0.020281 0.040865
0 0.864900 0.316917 0.018319 0.031435
0 0.533530 0.772722 0.026824 0.033530
0 0.904482 0.846593 0.022898 0.028291