0 0.341947 0.133199 0.022244 0.027243
0 0.510413 0.222264 0.018973 0.025148
0 0.421437 0.265225 0.021590 0.027243
0 0.240541 0.478981 0.017010 0.025148
0 0.463962 0.440735 0.021590 0.026196
0 0.345219 0.580620 0.022244 0.020957
0 0.297786 0.743906 0.021590 0.026196
0 0.253298 0.736572 0.017664 0.028291
0 0.287646 0.917845 0.022244 0.032483
0 0.434522 0.870693 0.021590 0.042961
0 0.497001 0.710376 0.017010 0.030387
0 0.369752 0.726617 0.025515 0.029339
0 0.611493 0.480378 0.020936 0.027243
0 0.515974 0.639648 0.023553 0.035626
0 0.746593 0.571539 0.017664 0.029339
0 0.310871 0.913654 0.015047 0.028291
0 0.507469 0.908415 0.022244 0.026196
0 0.585650 0.913130 0.020281 0.029339
0 0.424708 0.586733 0.020281 0.028291
0 0.585978 0.687848 0.019627 0.025148
0 0.678879 0.726093 0.018319 0.026196
0 0.760004 0.901604 0.019627 0.025148
0 0.797623 0.773769 0.016356 0.027243
0 0.637989 0.212135 0.020281 0.029339
0 0.608222 0.776389 0.017010 0.026196
0 0.634718 0.307138 0.016356 0.023052
0 0.859012 0.813587 0.017010 0.029339
0 0.595028 0.521418 0.017664 0.026196
0 0.792280 0.529277 0.014393 0.020957
0 0.823683 0.355338 0.014393 0.023052
0 0.447825 0.327046 0.017664 0.025148
0 0.546941 0.062296 0.018319 0.025148
0 0.901210 0.833495 0.015047 0.025148
0 0.645731 0.474091 0.014393 0.027243
0 0.577691 0.327396 0.019627 0.027243
0 0.671573 0.182272 0.018973 0.032483
0 0.788682 0.202180 0.021590 0.028291
0 0.583252 0.634933 0.017664 0.032483
0 0.370625 0.554425 0.021590 0.031435