0 0.027145 0.153991 0.031152 0.041886
0 0.280725 0.202447 0.031152 0.050099
0 0.153935 0.248029 0.033021 0.037779
0 0.308450 0.771052 0.025545 0.036958
0 0.316550 0.680711 0.026791 0.040243
0 0.572622 0.524255 0.025545 0.031209
0 0.558292 0.633897 0.021807 0.033673
0 0.117798 0.762429 0.033021 0.037779
0 0.275117 0.762429 0.028660 0.032852
0 0.183841 0.929150 0.018068 0.026281
0 0.365459 0.858930 0.026168 0.027102
0 0.373558 0.245565 0.029906 0.041064
0 0.500348 0.259938 0.024299 0.038601
0 0.495364 0.402431 0.023053 0.036137
0 0.539289 0.360135 0.027414 0.041886
0 0.397857 0.585031 0.026168 0.036137
0 0.690066 0.697136 0.019937 0.033673
0 0.472000 0.912314 0.022430 0.032030
0 0.649256 0.972679 0.021807 0.029566
0 0.714988 0.831828 0.017445 0.033673
0 0.213436 0.785836 0.023676 0.028745
0 0.976460 0.783961 0.020804 0.039422
1 0.983395 0.867089 0.032940 0.126835