0 0.283877 0.151397 0.020240 0.031435
0 0.320678 0.125856 0.016560 0.037329
0 0.350119 0.138135 0.021467 0.044205
0 0.389373 0.177429 0.027601 0.046170
0 0.413907 0.163676 0.028827 0.061887
0 0.462668 0.067898 0.023307 0.037329
0 0.526149 0.152870 0.026374 0.046170
0 0.531362 0.127821 0.022080 0.035364
0 0.328651 0.378808 0.031281 0.044205
0 0.306878 0.604254 0.030667 0.051082
0 0.452241 0.443151 0.024534 0.045187
0 0.271610 0.817421 0.025147 0.051082
0 0.332638 0.917128 0.029441 0.046170
0 0.309638 0.771251 0.026374 0.049117
0 0.458068 0.942178 0.028827 0.041258
0 0.427707 0.750131 0.029441 0.046170
0 0.523696 0.758972 0.027601 0.042240
0 0.590857 0.696102 0.025761 0.048134
0 0.662312 0.724099 0.019014 0.041258
0 0.644218 0.486374 0.023307 0.049117
0 0.598217 0.467709 0.024534 0.031435
0 0.580123 0.772725 0.034961 0.046170
0 0.723647 0.772725 0.019014 0.028488
0 0.654032 0.977051 0.028214 0.044205
0 0.692979 0.967719 0.032507 0.041258
0 0.726713 0.136171 0.022694 0.040276
0 0.812582 0.437257 0.016560 0.033399
0 0.737754 0.672035 0.025147 0.035364
0 0.708313 0.714276 0.017787 0.035364
0 0.788048 0.936775 0.022694 0.042240
0 0.075135 0.937921 0.032507 0.055011
0 0.409715 0.898136 0.036801 0.040276
0 0.710255 0.579368 0.017174 0.025541
0 0.942100 0.789588 0.022080 0.027505
0 0.969087 0.915327 0.022080 0.029470
0 0.949460 0.929571 0.022080 0.026523
0 0.974914 0.977214 0.015334 0.023576
0 0.849791 0.842143 0.025147 0.036346
0 0.863898 0.542039 0.020240 0.033399
0 0.773123 0.574456 0.020240 0.031435
0 0.970621 0.198549 0.017787 0.027505
0 0.686335 0.102771 0.020854 0.024558
0 0.677134 0.141082 0.019627 0.030452
0 0.560292 0.409260 0.017787 0.026523
0 0.711175 0.545805 0.020240 0.022594