0 0.260877 0.157291 0.022080 0.031435
0 0.371586 0.121927 0.025147 0.039293
0 0.318531 0.189708 0.026987 0.049117
0 0.453467 0.210337 0.024534 0.039293
0 0.537803 0.202478 0.025147 0.039293
0 0.547923 0.075757 0.029441 0.041258
0 0.585337 0.102771 0.023307 0.048134
0 0.616311 0.044813 0.022694 0.044205
0 0.518482 0.336567 0.030667 0.044205
0 0.450094 0.352285 0.023921 0.030452
0 0.313931 0.658774 0.030054 0.036346
0 0.363306 0.737361 0.023307 0.030452
0 0.247076 0.872432 0.028827 0.047152
0 0.219782 0.919584 0.028214 0.051082
0 0.474628 0.913690 0.027601 0.053046
0 0.517255 0.641583 0.025761 0.049117
0 0.609564 0.559558 0.026374 0.042240
0 0.519096 0.538929 0.031894 0.042240
0 0.567550 0.391087 0.026987 0.039293
0 0.648205 0.286959 0.017787 0.027505
0 0.702486 0.525176 0.026987 0.042240
0 0.759221 0.602780 0.022694 0.028488
0 0.444267 0.695611 0.020854 0.031435
0 0.550376 0.887167 0.026987 0.047152
0 0.741127 0.706908 0.017174 0.030452
0 0.811662 0.580678 0.022080 0.029470
0 0.415747 0.957895 0.031281 0.037329
0 0.215182 0.660247 0.026374 0.037329
0 0.540563 0.700032 0.019627 0.036346
0 0.152723 0.890769 0.030667 0.043223
0 0.346541 0.978688 0.030667 0.042240
0 0.381808 0.425960 0.033734 0.061887
0 0.595866 0.584116 0.025147 0.036346
0 0.695842 0.319376 0.025147 0.033399
0 0.646774 0.198549 0.022694 0.039293
0 0.845191 0.788442 0.017174 0.036346
0 0.820658 0.917619 0.022080 0.031435
0 0.915726 0.900920 0.023307 0.041258
0 0.933513 0.823806 0.022080 0.036346
0 0.743069 0.397472 0.017787 0.030452
0 0.769136 0.401893 0.022080 0.033399
0 0.785083 0.342952 0.019627 0.033399
0 0.606600 0.346882 0.024534 0.033399
0 0.173577 0.786150 0.033121 0.054029