0 0.055870 0.137538 0.031900 0.040298
0 0.165526 0.300482 0.027912 0.042050
0 0.392149 0.098117 0.027912 0.036794
0 0.596176 0.162067 0.019937 0.036794
0 0.638044 0.130968 0.023925 0.044678
0 0.237966 0.216820 0.023925 0.044678
0 0.038259 0.554534 0.031235 0.038546
0 0.208724 0.607534 0.027912 0.041174
0 0.234311 0.497153 0.025919 0.044678
0 0.118341 0.583443 0.029242 0.042050
0 0.274186 0.752957 0.020602 0.028909
0 0.523736 0.374945 0.018608 0.042050
0 0.561285 0.310118 0.027248 0.042050
0 0.484526 0.456417 0.027912 0.047306
0 0.650007 0.216820 0.022596 0.042926
0 0.630734 0.397722 0.025254 0.045554
0 0.385503 0.850051 0.025254 0.036794
0 0.456281 0.857935 0.024590 0.035042
0 0.422720 0.963060 0.026583 0.035042
0 0.283157 0.925829 0.023925 0.034166
0 0.298775 0.951234 0.017944 0.034166
0 0.040253 0.952110 0.027248 0.041174
0 0.362907 0.856183 0.023925 0.042050
0 0.561285 0.982771 0.021931 0.032413
0 0.571586 0.893853 0.021267 0.033290
0 0.621430 0.626223 0.019937 0.044678
0 0.667618 0.585487 0.025919 0.040298
0 0.282825 0.449701 0.025919 0.043802
1 0.738396 0.485764 0.062471 0.127026
0 0.705499 0.387210 0.025919 0.038546
0 0.913846 0.874580 0.023925 0.031537
0 0.797876 0.788728 0.020602 0.029785