0 0.283157 0.329391 0.027912 0.035042
0 0.337653 0.141919 0.026583 0.049058
0 0.309076 0.106001 0.022596 0.043802
0 0.304424 0.268068 0.027912 0.042050
0 0.165526 0.124836 0.030571 0.042926
0 0.445980 0.134910 0.025254 0.040298
0 0.280499 0.557016 0.026583 0.037670
0 0.441328 0.545189 0.025254 0.036794
0 0.386168 0.681413 0.025254 0.037670
0 0.333001 0.714265 0.027912 0.038546
0 0.137946 0.917944 0.027248 0.037670
0 0.213709 0.933275 0.027248 0.036794
0 0.333998 0.893415 0.023260 0.034166
0 0.262555 0.857935 0.022596 0.035042
0 0.396801 0.865382 0.022596 0.035918
0 0.424049 0.825522 0.023925 0.033290
0 0.409428 0.952986 0.023925 0.028909
0 0.269866 0.691926 0.023925 0.039422
0 0.281164 0.826836 0.025254 0.041174
0 0.053876 0.930647 0.030571 0.047306
0 0.434682 0.703752 0.025254 0.049058
0 0.506457 0.804497 0.021267 0.043802
0 0.599166 0.772960 0.021931 0.036794
0 0.587204 0.969631 0.023260 0.037670
0 0.486187 0.502701 0.025919 0.044678
0 0.437008 0.404147 0.025919 0.031537
0 0.523404 0.147175 0.028577 0.056067
0 0.524401 0.330267 0.025254 0.040298
0 0.529053 0.420499 0.023925 0.045554
0 0.607806 0.469996 0.023260 0.042926
0 0.558627 0.790480 0.027248 0.043802
0 0.632063 0.788728 0.027912 0.040298
0 0.563279 0.589429 0.024590 0.046430
0 0.388826 0.355672 0.023925 0.042050
0 0.649675 0.239159 0.025919 0.043802
0 0.797212 0.252738 0.021931 0.042926
0 0.833764 0.438458 0.021931 0.048182
0 0.814491 0.408673 0.025919 0.051686
0 0.912517 0.461235 0.022596 0.044678
0 0.547661 0.451161 0.021267 0.049058
0 0.695198 0.797489 0.023925 0.036794
0 0.631731 0.689298 0.024590 0.039422
0 0.710816 0.693678 0.021931 0.037670
0 0.779268 0.728720 0.025919 0.044678