0 0.273144 0.469346 0.029441 0.049117
0 0.352879 0.481134 0.034347 0.037329
0 0.471561 0.602944 0.031281 0.043223
0 0.345212 0.879799 0.036187 0.057958
0 0.299518 0.967227 0.038027 0.063852
0 0.203222 0.849347 0.033121 0.052064
0 0.460214 0.900428 0.025761 0.038311
0 0.512962 0.776163 0.020854 0.031435
0 0.398880 0.714767 0.028214 0.044205
0 0.341225 0.738343 0.026987 0.042240
0 0.611711 0.508967 0.025761 0.039293
0 0.562643 0.698067 0.026987 0.042240
0 0.376799 0.295309 0.023307 0.040276
0 0.516642 0.377334 0.028214 0.049117
0 0.452241 0.402875 0.024534 0.043223
0 0.265477 0.294818 0.031281 0.058940
0 0.604044 0.225563 0.020240 0.032417
0 0.799395 0.432836 0.020854 0.030452
0 0.418200 0.457886 0.031281 0.035364
0 0.604964 0.707890 0.029441 0.038311
0 0.197089 0.618498 0.031894 0.061887
0 0.467881 0.852294 0.031281 0.048134
0 0.670592 0.758481 0.024534 0.033399
0 0.744807 0.774198 0.025761 0.039293
0 0.557430 0.302677 0.019014 0.039293
0 0.554670 0.348355 0.020854 0.032417
0 0.638391 0.117997 0.020240 0.039293
0 0.454081 0.261418 0.020854 0.031435
0 0.152723 0.645021 0.035574 0.054029
0 0.944553 0.716404 0.019627 0.034382
0 0.892726 0.720333 0.022694 0.032417
0 0.917260 0.442823 0.020240 0.031435
0 0.540358 0.228510 0.023307 0.038311
0 0.917260 0.251595 0.020240 0.037329