0 0.047674 0.253176 0.030571 0.040298
0 0.138721 0.079282 0.029242 0.039422
0 0.161650 0.241787 0.031235 0.042050
0 0.217142 0.206746 0.023925 0.045554
0 0.255688 0.218134 0.029242 0.045554
0 0.387275 0.076654 0.025254 0.042926
0 0.195211 0.445028 0.033229 0.042050
0 0.152013 0.492335 0.029242 0.042050
0 0.322146 0.345160 0.027912 0.042050
0 0.375645 0.286027 0.024590 0.048182
0 0.431138 0.310118 0.026583 0.038546
0 0.263995 0.574682 0.024590 0.031537
0 0.119116 0.839101 0.025919 0.032413
0 0.339093 0.768141 0.027248 0.032413
0 0.373984 0.684041 0.023925 0.044678
0 0.452737 0.454519 0.025919 0.048182
0 0.368667 0.486494 0.021267 0.042050
0 0.554750 0.546503 0.023925 0.039422
0 0.274961 0.857935 0.029242 0.045554
0 0.132740 0.892101 0.027912 0.036794
0 0.292905 0.791356 0.021267 0.035042
0 0.498593 0.235655 0.027248 0.024529
0 0.508229 0.120018 0.023925 0.047306
0 0.629516 0.134910 0.028577 0.050810
0 0.670055 0.056505 0.024590 0.042926
0 0.530160 0.619214 0.023925 0.048182
0 0.583992 0.643306 0.022596 0.035042
0 0.671384 0.668273 0.024590 0.037670
0 0.510555 0.725653 0.024590 0.033290
0 0.627854 0.540371 0.021267 0.042926
0 0.601603 0.529420 0.023260 0.040298
0 0.537803 0.258870 0.023260 0.042926
0 0.702841 0.203679 0.025919 0.042926
0 0.752685 0.241787 0.025919 0.042050
0 0.761324 0.518178 0.024590 0.041174
0 0.828447 0.393780 0.023260 0.044678
0 0.917169 0.327639 0.023925 0.045554