0 0.134724 0.103072 0.023053 0.040243
0 0.086542 0.563403 0.028037 0.036137
0 0.278440 0.633624 0.025545 0.035315
0 0.324234 0.659494 0.028660 0.037779
0 0.204298 0.184379 0.031775 0.038601
0 0.412083 0.887265 0.022430 0.034494
0 0.320807 0.725882 0.028037 0.033673
0 0.360371 0.615418 0.028660 0.042707
0 0.546038 0.677015 0.022430 0.034494
0 0.630150 0.764071 0.024922 0.034494
0 0.614262 0.562035 0.023053 0.037779
0 0.384046 0.489761 0.031152 0.034494
0 0.456320 0.391754 0.026168 0.047635
0 0.638561 0.446781 0.024299 0.039422
0 0.604916 0.113748 0.025545 0.045171
0 0.171588 0.540818 0.029906 0.043528
0 0.697542 0.330568 0.030529 0.048456
0 0.789753 0.834155 0.025545 0.044350