0 0.158608 0.183968 0.025545 0.041064
0 0.208763 0.130174 0.028660 0.043528
0 0.421845 0.225443 0.023676 0.040243
0 0.276986 0.377792 0.030529 0.042707
0 0.334930 0.318660 0.031775 0.049277
0 0.118733 0.430765 0.031775 0.041886
0 0.223716 0.507145 0.028660 0.051741
0 0.191629 0.638141 0.030529 0.050920
0 0.148016 0.856466 0.030529 0.048456
0 0.295678 0.688102 0.024299 0.036958
0 0.313435 0.561213 0.033644 0.049277
0 0.367640 0.537396 0.023676 0.041064
0 0.447078 0.577228 0.031775 0.046813
0 0.412499 0.843326 0.024922 0.032030
0 0.337110 0.723007 0.031152 0.044350
0 0.575114 0.744360 0.023676 0.027924
0 0.586952 0.792406 0.032398 0.033673
0 0.470442 0.482917 0.023676 0.032852
0 0.573245 0.247208 0.026168 0.041064
0 0.607824 0.433640 0.021807 0.036137
0 0.447389 0.805957 0.019937 0.029566
0 0.214370 0.828132 0.023676 0.032852
0 0.746140 0.633897 0.021807 0.032030
0 0.690066 0.674962 0.024299 0.032030
0 0.822775 0.708634 0.015576 0.022175
0 0.411564 0.330431 0.025545 0.041064
0 0.493495 0.350964 0.022430 0.029566
0 0.646453 0.322629 0.023053 0.033673
0 0.631811 0.447054 0.022430 0.041064
0 0.811871 0.497974 0.021184 0.031209
0 0.362967 0.818003 0.028037 0.036137
0 0.341472 0.890687 0.022430 0.030388
0 0.300974 0.351922 0.026168 0.045171
0 0.527451 0.079665 0.026791 0.049277
0 0.516548 0.213124 0.029906 0.051741