0 0.412680 0.967227 0.030054 0.052064
0 0.371892 0.770269 0.035574 0.051082
0 0.347972 0.870958 0.039254 0.059923
0 0.255663 0.609166 0.031281 0.049117
0 0.410840 0.601307 0.027601 0.047152
0 0.411760 0.681859 0.034347 0.055011
0 0.523389 0.706908 0.035574 0.057958
0 0.638085 0.650915 0.028214 0.038311
0 0.574910 0.870467 0.026987 0.051082
0 0.494868 0.979439 0.031281 0.041122
0 0.500388 0.332638 0.023921 0.040276
0 0.437827 0.250613 0.026374 0.045187
0 0.270690 0.545805 0.031894 0.048134
0 0.745727 0.525176 0.025147 0.028488
0 0.727327 0.382737 0.025147 0.026523
0 0.685926 0.245210 0.025761 0.032417
0 0.616924 0.425960 0.022694 0.034382
0 0.659245 0.562505 0.022694 0.040276
0 0.792648 0.436274 0.019627 0.023576
0 0.814728 0.666141 0.025761 0.039293
0 0.744500 0.700523 0.023921 0.041258
0 0.770568 0.784022 0.022080 0.033399
0 0.152110 0.896990 0.025761 0.047152
0 0.153643 0.598851 0.030054 0.059923
0 0.207311 0.598851 0.036801 0.063852
0 0.339794 0.421048 0.026987 0.050099
0 0.425662 0.508967 0.029441 0.058940
0 0.770976 0.134206 0.023307 0.034382
0 0.919100 0.564961 0.019014 0.025541
0 0.830778 0.495706 0.022694 0.024558
0 0.925540 0.851312 0.023307 0.028488
0 0.841205 0.443151 0.016560 0.027505
0 0.863592 0.452483 0.017174 0.026523