0 0.138943 0.216820 0.025254 0.042926
0 0.466250 0.121770 0.027248 0.056067
0 0.491836 0.220324 0.025254 0.049934
0 0.368224 0.068331 0.026583 0.042050
0 0.346293 0.304862 0.025254 0.045554
0 0.303759 0.462111 0.030571 0.044678
0 0.088435 0.546211 0.027912 0.041174
0 0.146918 0.527814 0.030571 0.041174
0 0.244612 0.238283 0.023925 0.038546
0 0.403779 0.412615 0.029906 0.047306
0 0.217364 0.577165 0.025254 0.044678
0 0.216367 0.915316 0.025919 0.035918
0 0.305089 0.920134 0.031900 0.040298
0 0.269201 0.780406 0.030571 0.039422
0 0.368224 0.760257 0.025254 0.035918
0 0.430695 0.947292 0.023925 0.038546
0 0.453955 0.889473 0.023925 0.031537
0 0.546000 0.757191 0.023260 0.036794
0 0.647681 0.810191 0.021931 0.032413
0 0.459936 0.436560 0.026583 0.040298
0 0.557298 0.552635 0.023260 0.046430
0 0.609135 0.610892 0.023260 0.042050
0 0.575241 0.235217 0.024590 0.044678
0 0.326355 0.166448 0.026583 0.038546
0 0.329014 0.764199 0.022596 0.036794
0 0.439334 0.508395 0.022596 0.033290
0 0.501140 0.650314 0.021267 0.033290
0 0.597505 0.919258 0.022596 0.031537
0 0.406105 0.642430 0.029242 0.035042
0 0.362243 0.461527 0.027912 0.046430
0 0.311402 0.051686 0.021931 0.036794
0 0.751688 0.218718 0.026583 0.047306
0 0.713142 0.199445 0.027912 0.043802
0 0.837419 0.484742 0.027912 0.049058
0 0.682571 0.561396 0.027912 0.048182
0 0.706496 0.673091 0.025254 0.038546
0 0.831438 0.634107 0.019937 0.044678
0 0.883940 0.642868 0.023925 0.039422
0 0.905206 0.790480 0.022596 0.033290
0 0.890586 0.215068 0.026583 0.044678
0 0.910855 0.241349 0.019273 0.041174
0 0.934116 0.408673 0.027248 0.053438
0 0.593185 0.358300 0.020602 0.040298