1 0.243947 0.296540 0.112979 0.135786
0 0.359584 0.207622 0.030571 0.040298
0 0.446977 0.326325 0.029906 0.051686
0 0.048892 0.965688 0.032565 0.040298
0 0.554639 0.573222 0.021931 0.038546
0 0.445648 0.550007 0.024590 0.041174
0 0.498814 0.518032 0.027248 0.042050
0 0.471899 0.657760 0.021267 0.035918
0 0.530714 0.195357 0.027248 0.045554
0 0.679581 0.111257 0.028577 0.038546
0 0.693205 0.548255 0.022596 0.039422
0 0.665624 0.855745 0.020602 0.027157
0 0.770296 0.737480 0.022596 0.037670
0 0.597837 0.330267 0.020602 0.031537
0 0.736070 0.279457 0.023260 0.045554
0 0.331672 0.033728 0.025254 0.035918