0 0.085198 0.239268 0.018109 0.037879
0 0.034437 0.410354 0.013170 0.030303
0 0.444642 0.137311 0.022500 0.032197
0 0.111539 0.633049 0.019207 0.025568
0 0.149130 0.702178 0.020853 0.027462
0 0.112911 0.755524 0.017561 0.021780
0 0.185623 0.896149 0.018109 0.020833
0 0.158185 0.952020 0.017012 0.022727
0 0.364247 0.456755 0.016463 0.022727
0 0.056662 0.227273 0.017012 0.030303
0 0.313761 0.365530 0.014268 0.022727
0 0.505555 0.358902 0.019207 0.032197
0 0.420771 0.672191 0.016463 0.029356
0 0.342297 0.524937 0.014268 0.024621
0 0.265195 0.539141 0.015914 0.026515
0 0.627656 0.037879 0.012073 0.022727
0 0.021541 0.620581 0.014817 0.026515
0 0.617138 0.147254 0.014817 0.033144
0 0.713996 0.175189 0.010975 0.028409
0 0.015322 0.276989 0.017012 0.025568
0 0.134953 0.209280 0.014817 0.020833
0 0.328120 0.896622 0.017012 0.025568