0 0.063888 0.365215 0.018658 0.032197
0 0.136325 0.361427 0.018658 0.028409
0 0.100930 0.093434 0.018109 0.030303
0 0.052364 0.538826 0.015366 0.024621
0 0.080076 0.614110 0.017012 0.025568
0 0.151691 0.663826 0.020853 0.024621
0 0.174739 0.812973 0.020853 0.029356
0 0.282847 0.388258 0.016463 0.037879
0 0.330864 0.378630 0.017012 0.033144
0 0.486440 0.559501 0.018658 0.038826
0 0.375040 0.572285 0.017561 0.030303
0 0.309462 0.116951 0.015914 0.033144
0 0.461745 0.324811 0.014268 0.032197
0 0.490007 0.215436 0.013719 0.035038
0 0.531713 0.149621 0.015914 0.041667
0 0.150045 0.481534 0.016463 0.025568
0 0.364613 0.398201 0.016463 0.031250
0 0.476288 0.542140 0.019207 0.035038
0 0.455160 0.062500 0.015366 0.032197
0 0.306718 0.078598 0.014817 0.028409
0 0.681893 0.028883 0.018109 0.035038
0 0.589700 0.430871 0.017012 0.022727
0 0.649790 0.434028 0.023048 0.028409