0 0.127112 0.093750 0.021402 0.025568
0 0.323434 0.061080 0.017286 0.036932
0 0.330430 0.230824 0.016463 0.038352
0 0.112706 0.423295 0.025518 0.022727
0 0.114353 0.589489 0.022225 0.025568
0 0.131227 0.556108 0.019756 0.024148
0 0.069902 0.771307 0.020579 0.025568
0 0.131639 0.873580 0.015640 0.019886
0 0.156333 0.781960 0.018933 0.024148
0 0.037799 0.924716 0.017286 0.025568
0 0.334546 0.583807 0.019756 0.028409
0 0.201195 0.389915 0.021402 0.026989
0 0.404514 0.323864 0.019756 0.031250
0 0.321376 0.553977 0.018109 0.028409
0 0.488887 0.259233 0.020579 0.038352
0 0.548154 0.561080 0.018933 0.028409
0 0.678213 0.213068 0.018933 0.039773
0 0.530457 0.066051 0.018109 0.041193
0 0.261286 0.355114 0.023048 0.039773
0 0.368707 0.732955 0.020579 0.028409
0 0.396283 0.784091 0.016463 0.028409
0 0.569145 0.357955 0.021402 0.039773
0 0.603306 0.143466 0.018933 0.031250
0 0.256347 0.926847 0.023048 0.026989
0 0.535396 0.742898 0.018109 0.031250
0 0.093774 0.249290 0.020579 0.026989
0 0.725956 0.528409 0.013994 0.028409
0 0.548978 0.602273 0.018933 0.031250
0 0.187613 0.607955 0.023871 0.031250