0 0.150000 0.641176 0.027273 0.037077
0 0.738636 0.101426 0.025758 0.058467
0 0.045455 0.366667 0.027273 0.041355
0 0.152652 0.235472 0.026515 0.029947
0 0.942424 0.469340 0.019697 0.052763
0 0.905303 0.728877 0.024242 0.047059
0 0.682197 0.191979 0.029545 0.048485
0 0.606439 0.518538 0.026515 0.059893
0 0.228030 0.579144 0.028788 0.029947
0 0.431818 0.597683 0.024242 0.052763
0 0.481818 0.820856 0.025758 0.059893
0 0.850000 0.744563 0.027273 0.061319
0 0.862121 0.529234 0.030303 0.061319
0 0.954924 0.137077 0.029545 0.052763