0 0.286869 0.082987 0.012121 0.021866
0 0.319697 0.048762 0.013131 0.029471
0 0.446717 0.487186 0.018687 0.028520
0 0.323232 0.623133 0.014141 0.026619
0 0.342677 0.727708 0.014646 0.026619
0 0.530808 0.836086 0.017172 0.039929
0 0.142424 0.327946 0.016162 0.027570
0 0.482576 0.278986 0.012626 0.024718
0 0.602273 0.429194 0.014646 0.026619
0 0.286111 0.896930 0.015657 0.034225
0 0.671886 0.591444 0.015152 0.024718
0 0.430471 0.144623 0.013131 0.026619
0 0.420875 0.322876 0.014141 0.025668
0 0.477189 0.138919 0.010606 0.022816
0 0.831481 0.436482 0.014141 0.038027
0 0.354209 0.095187 0.015152 0.026619
0 0.977441 0.442662 0.016162 0.033274
0 0.734007 0.792830 0.020202 0.027570
0 0.248232 0.415251 0.017677 0.030422
0 0.234343 0.636284 0.020202 0.021866