0 0.038961 0.399075 0.012987 0.030558
0 0.066558 0.330829 0.016234 0.024446
0 0.081710 0.293651 0.017316 0.019353
0 0.038149 0.713989 0.015693 0.031576
0 0.165584 0.775104 0.015152 0.023428
0 0.166396 0.886640 0.014610 0.028520
0 0.212392 0.772048 0.017857 0.029539
0 0.270563 0.762881 0.017316 0.029539
0 0.094968 0.732833 0.013528 0.024446
0 0.419102 0.605000 0.017857 0.033613
0 0.575758 0.493464 0.019481 0.026483
0 0.479167 0.707877 0.016775 0.025465
0 0.366071 0.847424 0.018939 0.027502
0 0.438312 0.955904 0.016234 0.030558
0 0.420455 0.984424 0.015152 0.030558
0 0.344697 0.633520 0.014069 0.017316
0 0.124729 0.628597 0.017857 0.034632
0 0.622565 0.723156 0.016775 0.039725
0 0.492965 0.988647 0.018398 0.022706
0 0.155032 0.519608 0.013528 0.024446
0 0.081169 0.626050 0.012987 0.023428
0 0.025433 0.585307 0.016234 0.025465
0 0.651154 0.175325 0.017316 0.028520
0 0.732864 0.139674 0.018398 0.024446
0 0.819986 0.194169 0.019481 0.029539
0 0.938222 0.170741 0.016775 0.027502
0 0.595960 0.714498 0.016234 0.026483