0 0.135755 0.140625 0.022225 0.039773
0 0.316025 0.056818 0.017286 0.039773
0 0.287626 0.384943 0.026341 0.031250
0 0.068668 0.378551 0.018109 0.029830
0 0.172385 0.296875 0.023048 0.034091
0 0.136166 0.431818 0.018109 0.028409
0 0.064552 0.754261 0.021402 0.031250
0 0.313556 0.563920 0.025518 0.031250
0 0.485595 0.059659 0.020579 0.039773
0 0.381877 0.173295 0.018933 0.031250
0 0.455138 0.580966 0.022225 0.031250
0 0.222186 0.948153 0.023871 0.026989
0 0.551859 0.627841 0.018109 0.036932
0 0.550624 0.216619 0.023871 0.038352
0 0.503293 0.231534 0.016463 0.036932
0 0.578611 0.485085 0.022225 0.032670
0 0.040680 0.580966 0.023048 0.031250