0 0.101594 0.534801 0.021402 0.029830
0 0.124230 0.464489 0.022225 0.031250
0 0.247292 0.455256 0.018109 0.035511
0 0.150160 0.651989 0.021402 0.036932
0 0.434971 0.612926 0.023048 0.032670
0 0.356360 0.233665 0.018933 0.038352
0 0.292154 0.245028 0.018933 0.032670
0 0.318495 0.151278 0.018933 0.029830
0 0.511514 0.268259 0.016978 0.038175
0 0.462640 0.309985 0.015949 0.038175
0 0.497881 0.192797 0.017492 0.050604
0 0.663798 0.035067 0.019035 0.034624
0 0.389328 0.072798 0.018521 0.031960
0 0.343797 0.452770 0.020064 0.035511
0 0.370292 0.912050 0.021608 0.028409
0 0.549328 0.750030 0.019550 0.038175
0 0.568106 0.449071 0.024180 0.039950
0 0.391386 0.547763 0.020579 0.026634
0 0.073014 0.865146 0.021093 0.027521
0 0.241246 0.803741 0.015949 0.028409
0 0.241503 0.185547 0.020579 0.033736
0 0.587999 0.607984 0.020064 0.031072