0 0.297348 0.471480 0.025000 0.051337
0 0.231439 0.574866 0.021970 0.041355
0 0.212500 0.636898 0.034091 0.045633
0 0.132197 0.472193 0.028030 0.035651
0 0.074621 0.421569 0.031061 0.042781
0 0.031439 0.928520 0.021970 0.041355
0 0.568561 0.857219 0.021970 0.049911
0 0.752652 0.471480 0.025000 0.051337
0 0.927273 0.499287 0.024242 0.052763
0 0.756061 0.247594 0.027273 0.054189
0 0.428788 0.111408 0.024242 0.044207
0 0.429924 0.588414 0.026515 0.051337
0 0.608712 0.224777 0.023485 0.042781
0 0.231818 0.288235 0.028788 0.035651
0 0.462879 0.577005 0.022727 0.039929
0 0.397348 0.333868 0.025000 0.052763
0 0.327273 0.879323 0.025758 0.039929
0 0.076263 0.587483 0.029293 0.038027