0 0.466288 0.773797 0.023485 0.057041
0 0.729924 0.067201 0.023485 0.049911
0 0.076515 0.890731 0.025758 0.034225
0 0.017803 0.942068 0.021970 0.039929
0 0.551894 0.671123 0.020455 0.051337
0 0.617424 0.434403 0.022727 0.045633
0 0.982576 0.470766 0.025758 0.049911
0 0.751136 0.644029 0.023485 0.054189
0 0.827273 0.069340 0.024242 0.051337
0 0.580303 0.090731 0.024242 0.054189
0 0.145455 0.198396 0.028788 0.032799
0 0.732955 0.360963 0.026515 0.052763
0 0.737121 0.576292 0.019697 0.047059
0 0.354167 0.891444 0.020455 0.047059
0 0.371591 0.435829 0.023485 0.048485