0 0.280892 0.560388 0.014646 0.022816
0 0.339226 0.349812 0.015152 0.029471
0 0.669781 0.495742 0.016667 0.026619
0 0.513215 0.730085 0.019697 0.038978
0 0.254882 0.745771 0.022222 0.024718
0 0.609175 0.326203 0.015657 0.036126
0 0.829125 0.478629 0.016162 0.026619
0 0.410943 0.661636 0.017172 0.021866
0 0.641751 0.189305 0.019192 0.026619
0 0.338384 0.746881 0.022222 0.027570
0 0.415152 0.844801 0.019192 0.033274
0 0.335859 0.546762 0.019192 0.028520
0 0.914310 0.447415 0.015152 0.021866
0 0.840067 0.055258 0.016162 0.022816