0 0.303032 0.816921 0.030913 0.042675
0 0.388364 0.775115 0.036897 0.035017
0 0.421742 0.786263 0.035616 0.036876
0 0.342064 0.911681 0.036279 0.03478
0 0.400208 0.870804 0.023688 0.029729
0 0.445879 0.647993 0.031706 0.039618
0 0.505638 0.427815 0.036766 0.035592
0 0.578677 0.40877 0.030913 0.042675
0 0.608556 0.520717 0.0249 0.051229
0 0.889046 0.275765 0.021669 0.05796
0 0.857821 0.232101 0.024239 0.053087
0 0.474772 0.113031 0.027954 0.046684
0 0.552297 0.129753 0.030481 0.04549
0 0.557142 0.016877 0.023284 0.054157
0 0.151661 0.178527 0.027804 0.046382
0 0.282843 0.879165 0.032379 0.040355
0 0.539286 0.958132 0.026712 0.049169
0 0.708334 0.235507 0.030844 0.040808
0 0.592585 0.19463 0.033321 0.037733
0 0.377521 0.099034 0.026082 0.052508
0 0.619135 0.303442 0.037601 0.034938
0 0.174274 0.629277 0.025371 0.034722
0 0.207956 0.909571 0.031481 0.041977
0 0.431042 0.942029 0.033997 0.039104
