0 0.050676 0.648929 0.025338 0.054655
0 0.098184 0.868458 0.031672 0.045545
0 0.183171 0.825645 0.022171 0.051011
0 0.342589 0.694474 0.026394 0.051011
0 0.317779 0.618869 0.031672 0.045545
0 0.15625 0.671702 0.029561 0.045545
0 0.209565 0.443975 0.028505 0.049189
0 0.231208 0.524134 0.031672 0.049189
0 0.370566 0.598829 0.031672 0.045545
0 0.493032 0.713603 0.029561 0.049189
0 0.438133 0.413915 0.027449 0.058298
0 0.379012 0.3793 0.027449 0.051011
0 0.548986 0.386587 0.023226 0.061942
0 0.599134 0.466747 0.028505 0.058298
0 0.754505 0.501362 0.025338 0.047367
0 0.577668 0.645285 0.028505 0.043724
0 0.708638 0.35752 0.023226 0.057084
0 0.485055 0.593749 0.024634 0.055869
0 0.451975 0.078377 0.027449 0.058298
0 0.536435 0.170682 0.026042 0.058298
0 0.798025 0.17797 0.027449 0.05344
0 0.33209 0.071697 0.026042 0.057084
0 0.270739 0.023722 0.02393 0.041295
0 0.124578 0.367641 0.02393 0.054655
0 0.359797 0.188105 0.030405 0.046639
0 0.413069 0.652667 0.029092 0.040485
0 0.63892 0.634854 0.025338 0.050201
0 0.592467 0.795984 0.022523 0.042104
0 0.625626 0.146067 0.018769 0.042104
0 0.580581 0.220559 0.026276 0.055059
0 0.253066 0.544168 0.024399 0.043724
0 0.676301 0.074274 0.022523 0.04858
