0 0.027872 0.943814 0.02759 0.030121
0 0.176239 0.672241 0.025901 0.034979
0 0.272241 0.652323 0.023086 0.039837
0 0.292511 0.740256 0.028716 0.034979
0 0.210023 0.901062 0.021396 0.04761
0 0.157658 0.792724 0.024775 0.036922
0 0.074606 0.464311 0.017455 0.042752
0 0.175676 0.509492 0.030405 0.028177
0 0.177646 0.53184 0.029842 0.028177
0 0.119651 0.614429 0.020833 0.037894
0 0.049831 0.357107 0.017455 0.040809
0 0.008727 0.382856 0.017454 0.037894
0 0.089809 0.333302 0.021959 0.04761
0 0.243243 0.329416 0.024775 0.035951
0 0.055743 0.175249 0.029568 0.046521
0 0.133446 0.116465 0.032936 0.04188
0 0.095158 0.208771 0.025901 0.036922
0 0.139077 0.245207 0.027027 0.028177
0 0.19482 0.205856 0.027027 0.031092
0 0.215653 0.108207 0.021396 0.049553
0 0.27393 0.147072 0.029842 0.032064
0 0.404655 0.089422 0.022523 0.028177
0 0.336806 0.169582 0.026464 0.031092
0 0.325263 0.260915 0.023649 0.031092
0 0.337369 0.224965 0.025338 0.029149
0 0.321884 0.361966 0.028153 0.031092
0 0.346378 0.611676 0.021959 0.033036
0 0.260229 0.856852 0.028716 0.031092
0 0.437031 0.749001 0.020833 0.038865
0 0.501408 0.70722 0.020833 0.034979
0 0.419764 0.87337 0.028226 0.047136
0 0.556306 0.855557 0.022523 0.031092
0 0.574324 0.801145 0.034063 0.041146
0 0.609797 0.616372 0.032238 0.041723
0 0.454392 0.553702 0.032936 0.04188
0 0.815878 0.516294 0.021396 0.039837
0 0.695946 0.490545 0.024775 0.036922
0 0.527402 0.36569 0.024775 0.028177
0 0.622842 0.403098 0.019707 0.033036
0 0.633258 0.506092 0.031532 0.033036
0 0.382414 0.603741 0.021959 0.035951
0 0.482357 0.503177 0.022523 0.038865
0 0.428585 0.32731 0.028716 0.033036
0 0.360923 0.403746 0.025901 0.034979
0 0.442568 0.149177 0.022523 0.029149
0 0.52027 0.017035 0.02027 0.033036
0 0.561937 0.06756 0.02027 0.038865
0 0.664133 0.130716 0.024212 0.027206
0 0.511261 0.238568 0.027522 0.050461
0 0.631194 0.320671 0.021396 0.035951
0 0.559685 0.332493 0.026537 0.049063
0 0.746997 0.044241 0.026537 0.049063
0 0.845345 0.203751 0.023306 0.055297
0 0.718187 0.282291 0.024181 0.055622
