0 0.015283 0.700651 0.031725 0.041474
0 0.093145 0.600007 0.031753 0.044141
0 0.221456 0.687064 0.030972 0.044013
0 0.325271 0.665929 0.034162 0.040333
0 0.265782 0.660896 0.031829 0.042
0 0.293485 0.582394 0.029912 0.042718
0 0.048819 0.906468 0.037761 0.034295
0 0.236329 0.8959 0.029392 0.043724
0 0.339852 0.978429 0.035807 0.038619
0 0.382234 0.721283 0.030662 0.04299
0 0.3869 0.860172 0.029062 0.047016
0 0.559245 0.619632 0.030812 0.045574
0 0.609111 0.746444 0.033305 0.042346
0 0.554288 0.854133 0.030229 0.046026
0 0.67385 0.601516 0.028412 0.049029
0 0.654312 0.339842 0.02658 0.0477
0 0.531833 0.489801 0.020413 0.036232
0 0.453972 0.409286 0.028412 0.049029
0 0.768237 0.373054 0.032245 0.040468
0 0.669379 0.515969 0.029805 0.045003
0 0.744616 0.279958 0.023588 0.053656
0 0.701748 0.266371 0.019247 0.036232
0 0.531833 0.310152 0.02581 0.051138
0 0.552538 0.255301 0.02833 0.045392
0 0.509379 0.249262 0.022663 0.058661
0 0.792441 0.14996 0.022064 0.057108
0 0.60464 0.026671 0.02756 0.049144
0 0.68639 0.129831 0.026089 0.052782
0 0.395551 0.092089 0.016914 0.037238
0 0.382428 0.068941 0.027088 0.048412
0 0.35035 0.255133 0.025244 0.05445
0 0.39351 0.310487 0.028116 0.050036
0 0.232537 0.02818 0.030662 0.04299
0 0.257908 0.276268 0.025338 0.05072
0 0.195891 0.233998 0.034058 0.03971
0 0.162647 0.329106 0.027255 0.051584
0 0.288333 0.407105 0.020996 0.033213
0 0.342477 0.134863 0.020413 0.042271
0 0.148552 0.103663 0.035176 0.037096
0 0.062817 0.079509 0.029062 0.047016
0 0.046778 0.233494 0.027412 0.032206
0 0.078856 0.301429 0.023913 0.029187
0 0.100144 0.384964 0.022163 0.029187
0 0.060775 0.119767 0.028479 0.047558
0 0.012367 0.503388 0.032811 0.039461
0 0.183838 0.590446 0.028745 0.044093
0 0.213874 0.748792 0.036594 0.035083
0 0.15459 0.479066 0.032245 0.040468
0 0.432792 0.358293 0.030495 0.042099
0 0.406546 0.676832 0.020996 0.030193
0 0.489803 0.080012 0.029731 0.042241
