0 0.13144 0.614314 0.024496 0.052025
0 0.126014 0.950103 0.037478 0.033533
0 0.257432 0.819515 0.032528 0.038859
0 0.330743 0.774626 0.027249 0.04702
0 0.410135 0.899967 0.030139 0.044578
0 0.360135 0.950103 0.031032 0.041191
0 0.327027 0.956516 0.033408 0.037693
0 0.413851 0.514227 0.031065 0.04074
0 0.402027 0.616832 0.028339 0.047021
0 0.289527 0.725266 0.034083 0.037031
0 0.617568 0.821458 0.030344 0.041888
0 0.503378 0.946799 0.027688 0.045606
0 0.52714 0.627908 0.027653 0.045447
0 0.448761 0.800471 0.033722 0.037242
0 0.602703 0.465645 0.026337 0.047718
0 0.625338 0.493628 0.028364 0.044688
0 0.531757 0.687761 0.028788 0.045855
0 0.766554 0.596427 0.025078 0.050107
0 0.740541 0.406375 0.023871 0.053548
0 0.598986 0.216712 0.031707 0.040529
0 0.709459 0.346717 0.025222 0.05005
0 0.841329 0.251108 0.02496 0.051277
0 0.731532 0.397436 0.025754 0.048884
0 0.883559 0.298524 0.025222 0.05005
0 0.857207 0.336418 0.024275 0.052361
0 0.915991 0.174932 0.026337 0.047718
0 0.412275 0.229732 0.022811 0.055937
0 0.48964 0.236922 0.027436 0.047345
0 0.226802 0.916873 0.03611 0.03531
0 0.191104 0.86013 0.029684 0.042805
0 0.33964 0.903464 0.029825 0.042108
0 0.33795 0.844583 0.028364 0.044688
0 0.03277 0.865765 0.029005 0.043522
0 0.022635 0.791143 0.029005 0.043522
0 0.089865 0.703696 0.033879 0.037582
0 0.134122 0.800277 0.031381 0.040024
0 0.45777 0.926201 0.036195 0.034699
0 0.748423 0.127127 0.031741 0.040025
0 0.287613 0.023357 0.027924 0.046179
0 0.927252 0.088845 0.027105 0.046772
0 0.136824 0.904825 0.032654 0.041806
0 0.189812 0.676359 0.028903 0.0475
0 0.400516 0.83898 0.03182 0.042964
