0 0.0841 0.799678 0.030975 0.042113
0 0.138691 0.769243 0.032271 0.038982
0 0.278946 0.779871 0.032751 0.041243
0 0.240593 0.941224 0.021276 0.029952
0 0.147089 0.922383 0.033697 0.038764
0 0.241433 0.897262 0.029855 0.04321
0 0.220157 0.653784 0.033442 0.041431
0 0.148489 0.629147 0.03731 0.034668
0 0.118534 0.636393 0.032577 0.039681
0 0.338016 0.656683 0.029295 0.043813
0 0.407444 0.612238 0.031568 0.039948
0 0.386168 0.786634 0.031072 0.04258
0 0.435439 0.755717 0.026082 0.052508
0 0.248152 0.623349 0.028115 0.044924
0 0.362932 0.965539 0.027843 0.04639
0 0.532303 0.838003 0.027283 0.04708
0 0.485551 0.787762 0.027538 0.045617
0 0.408937 0.660709 0.029795 0.042847
0 0.632619 0.72496 0.027069 0.048323
0 0.551153 0.911433 0.029192 0.047411
0 0.553112 0.590016 0.020716 0.030918
0 0.50832 0.592432 0.028115 0.044924
0 0.503561 0.549436 0.024712 0.052486
0 0.437772 0.526731 0.028959 0.046944
0 0.45401 0.488567 0.028632 0.04791
0 0.301436 0.596779 0.019037 0.036715
0 0.617968 0.6219 0.026355 0.051542
0 0.666959 0.74847 0.018477 0.038647
0 0.766342 0.556844 0.020157 0.03285
0 0.710632 0.329791 0.028735 0.044458
0 0.621887 0.322544 0.027279 0.048644
0 0.587733 0.444767 0.028595 0.049343
0 0.73956 0.212238 0.027843 0.04639
0 0.68161 0.178422 0.026163 0.048621
0 0.701207 0.049114 0.0228 0.055441
0 0.770915 0.046216 0.028272 0.045424
0 0.759997 0.454267 0.027712 0.046114
0 0.591559 0.277456 0.026642 0.051905
0 0.508693 0.244605 0.030512 0.043079
0 0.518772 0.157971 0.026315 0.026087
0 0.502814 0.1343 0.015677 0.04058
0 0.609756 0.014493 0.027629 0.047678
0 0.404271 0.057971 0.030312 0.046494
0 0.336803 0.216908 0.022781 0.058178
0 0.390274 0.243478 0.030643 0.043546
0 0.344082 0.341063 0.027512 0.049007
0 0.288651 0.252174 0.027069 0.048323
0 0.271574 0.141546 0.026644 0.050576
0 0.083353 0.32029 0.020716 0.043478
0 0.133092 0.117874 0.023801 0.058674
0 0.02643 0.101449 0.021836 0.028986
0 0.066743 0.036715 0.020716 0.030918
0 0.148489 0.4562 0.022956 0.037681
0 0.019991 0.404831 0.021276 0.03285
0 0.092499 0.329469 0.017357 0.04058
0 0.036228 0.549436 0.023516 0.030918
0 0.187122 0.542673 0.028035 0.049842
0 0.048654 0.968257 0.023753 0.03001
0 0.193154 0.775875 0.03482 0.040057
0 0.255042 0.398551 0.029395 0.03381
