0 0.02734 0.775315 0.032861 0.040827
0 0.113796 0.655252 0.030568 0.043575
0 0.171433 0.648148 0.032215 0.042248
0 0.244714 0.724164 0.021364 0.065055
0 0.340639 0.615468 0.025343 0.051022
0 0.31182 0.572132 0.029805 0.047147
0 0.048337 0.911717 0.036866 0.036352
0 0.01047 0.857313 0.028804 0.043739
0 0.120625 0.84156 0.033758 0.039945
0 0.217087 0.686655 0.028114 0.046779
0 0.217696 0.793251 0.0265 0.049249
0 0.359193 0.786424 0.030647 0.041945
0 0.39297 0.823707 0.030715 0.042401
0 0.362236 0.940804 0.03795 0.036738
0 0.497343 0.639922 0.028889 0.044312
0 0.466913 0.715011 0.029451 0.042689
0 0.612164 0.778023 0.028722 0.046145
0 0.551609 0.739691 0.028935 0.046602
0 0.540046 0.675628 0.035498 0.037435
0 0.520267 0.716586 0.027931 0.046412
0 0.783482 0.640097 0.032494 0.03925
0 0.481215 0.453686 0.023949 0.055102
0 0.440135 0.623819 0.036192 0.038433
0 0.508906 0.65795 0.025799 0.049207
0 0.631639 0.333438 0.021664 0.063387
0 0.757617 0.423756 0.027505 0.047462
0 0.72739 0.204789 0.026369 0.047671
0 0.717653 0.293006 0.026369 0.047671
0 0.638232 0.196387 0.023399 0.057203
0 0.692701 0.108171 0.021845 0.057652
0 0.631537 0.132325 0.025166 0.053449
0 0.574938 0.02783 0.026132 0.050299
0 0.459915 0.099769 0.027006 0.04993
0 0.523512 0.149653 0.025071 0.050784
0 0.397838 0.198488 0.025788 0.051349
0 0.333936 0.038332 0.030039 0.042579
0 0.507689 0.245747 0.027109 0.048513
0 0.257355 0.207414 0.024307 0.052885
0 0.434151 0.044633 0.031433 0.042377
0 0.329676 0.106595 0.027625 0.045504
0 0.225912 0.134426 0.033758 0.039945
0 0.218913 0.180634 0.030771 0.040847
0 0.197612 0.214766 0.030548 0.044477
0 0.076807 0.083666 0.02518 0.052141
0 0.032684 0.095743 0.024344 0.032556
0 0.112714 0.299482 0.02839 0.045362
0 0.164444 0.395575 0.025892 0.050041
0 0.284032 0.249597 0.027006 0.04993
0 0.036944 0.469964 0.032776 0.038378
0 0.052159 0.358118 0.029998 0.042354
0 0.113627 0.538227 0.019475 0.036757
0 0.080763 0.557131 0.028114 0.046779
0 0.311114 0.386473 0.03138 0.040111
0 0.416705 0.318736 0.028999 0.044679
0 0.385362 0.315585 0.02943 0.043262
0 0.290726 0.367045 0.033993 0.03715
0 0.28109 0.337814 0.024952 0.031506
0 0.261616 0.558181 0.018866 0.036757
0 0.127624 0.922425 0.029412 0.042947
0 0.264557 0.892495 0.032473 0.040277
0 0.22226 0.455261 0.023642 0.054985
0 0.172051 0.335889 0.030548 0.044477
0 0.370553 0.423055 0.034601 0.036596
0 0.584067 0.218442 0.02772 0.047824
