0 0.289908 0.134926 0.036619 0.055666
0 0.330251 0.300932 0.030412 0.055666
0 0.559583 0.098644 0.027309 0.054672
0 0.626614 0.125483 0.029791 0.052684
0 0.514585 0.257194 0.027929 0.043738
0 0.560514 0.193575 0.026688 0.045726
0 0.356629 0.238307 0.022344 0.047714
0 0.351043 0.466837 0.029791 0.050696
0 0.383006 0.497653 0.025447 0.048708
0 0.314734 0.481251 0.032895 0.051690
0 0.286805 0.530456 0.031653 0.038768
0 0.379903 0.600337 0.032895 0.047714
0 0.352594 0.791989 0.029171 0.041750
0 0.275323 0.945071 0.032274 0.057654
0 0.424901 0.957000 0.027309 0.041750
0 0.449727 0.927178 0.029791 0.039762
0 0.526378 0.920220 0.026688 0.045726
0 0.456554 0.759682 0.027309 0.044732
0 0.392627 0.771114 0.026068 0.041750
0 0.470829 0.616043 0.027309 0.041750
0 0.498448 0.613558 0.022964 0.056660
0 0.502172 0.669224 0.024206 0.038768
0 0.528550 0.749742 0.023585 0.042744
0 0.544687 0.649841 0.031033 0.051690
0 0.635303 0.754215 0.027309 0.041750
0 0.661991 0.757694 0.027309 0.046720
0 0.596512 0.912268 0.032895 0.057654
0 0.554618 0.353119 0.031033 0.050696
0 0.603960 0.298943 0.025447 0.045726
0 0.513344 0.423199 0.027929 0.047714
0 0.473312 0.383934 0.026068 0.050696
0 0.476105 0.476380 0.030412 0.048708
0 0.048225 0.951532 0.030412 0.042744
0 0.703575 0.729364 0.033515 0.049702
0 0.799466 0.930658 0.029171 0.046720
0 0.892254 0.973898 0.027309 0.041750
0 0.906840 0.899345 0.026688 0.045726
0 0.670991 0.945071 0.029171 0.043738
0 0.817776 0.857595 0.023585 0.051690
0 0.847257 0.808887 0.025447 0.043738
0 0.883255 0.764652 0.024206 0.038768
0 0.925770 0.799444 0.024826 0.042744
0 0.614821 0.608190 0.029791 0.040756
0 0.572617 0.588309 0.026068 0.044732
0 0.549342 0.590794 0.029171 0.049702
0 0.634372 0.526182 0.027929 0.053678
0 0.685886 0.627077 0.034136 0.054672
0 0.692714 0.551530 0.031653 0.048708
0 0.733056 0.568428 0.026688 0.046720
0 0.631579 0.441589 0.029791 0.052684
0 0.637475 0.318824 0.026688 0.047714
0 0.700161 0.347155 0.022964 0.046720
0 0.767813 0.414252 0.026688 0.041750
0 0.747952 0.248347 0.027929 0.050696
0 0.740194 0.077371 0.028550 0.044732
0 0.777743 0.045065 0.025447 0.043738
0 0.827396 0.156398 0.025447 0.043738
0 0.844774 0.130553 0.027929 0.047714
0 0.865256 0.159380 0.021723 0.047714
0 0.871773 0.054011 0.022344 0.045726
0 0.852843 0.343775 0.025447 0.040756
0 0.807224 0.296061 0.024826 0.038768
0 0.911805 0.141984 0.027929 0.042744
0 0.845084 0.457493 0.027309 0.044732
0 0.860290 0.406797 0.021723 0.032803
0 0.760365 0.492285 0.027929 0.036780
0 0.798846 0.476877 0.026688 0.043738
0 0.806293 0.633638 0.029171 0.038768
0 0.895047 0.639602 0.024206 0.044732
0 0.985973 0.777575 0.022344 0.042744
0 0.934769 0.454809 0.025447 0.049702
0 0.560514 0.479859 0.021723 0.039762
0 0.917701 0.331250 0.022344 0.042744