0 0.352802 0.198573 0.027747 0.042218
0 0.363554 0.435769 0.027053 0.052216
0 0.418355 0.409660 0.032603 0.046662
0 0.435003 0.239679 0.029828 0.048884
0 0.421476 0.158022 0.031909 0.054438
0 0.356271 0.063032 0.029134 0.053327
0 0.245283 0.417993 0.034684 0.058882
0 0.296615 0.549090 0.034684 0.045551
0 0.331992 0.506317 0.030522 0.053327
0 0.447489 0.534980 0.028441 0.046662
0 0.444714 0.638969 0.032603 0.044440
0 0.464484 0.804506 0.031909 0.048884
0 0.413499 0.847279 0.035377 0.043329
0 0.455119 0.945046 0.033990 0.047773
0 0.242855 0.740069 0.032603 0.062215
0 0.181881 0.621748 0.033296 0.049995
0 0.221767 0.617304 0.036765 0.041107
0 0.498543 0.571198 0.027053 0.057771
0 0.534614 0.653411 0.033990 0.048884
0 0.575194 0.962266 0.029134 0.044440
0 0.524903 0.404217 0.025666 0.049995
0 0.601901 0.551423 0.024279 0.048884
0 0.633463 0.570309 0.031909 0.051105
0 0.559933 0.569199 0.029134 0.048884
0 0.668147 0.758067 0.031909 0.046662
0 0.644908 0.914161 0.036765 0.056660
0 0.740635 0.971376 0.029828 0.053327
0 0.806188 0.950823 0.026360 0.049995
0 0.760058 0.754734 0.025666 0.048884
0 0.780175 0.728070 0.029828 0.048884
0 0.715663 0.800840 0.032603 0.052216
0 0.819021 0.702517 0.032603 0.048884
0 0.835669 0.645857 0.031215 0.046662
0 0.913707 0.649745 0.029134 0.045551
0 0.935905 0.646968 0.023585 0.044440
0 0.981340 0.900273 0.035377 0.044440
0 0.873821 0.868610 0.029828 0.054438
0 0.836016 0.440990 0.029134 0.048884
0 0.779134 0.460988 0.026360 0.048884
0 0.728149 0.476542 0.028441 0.048884
0 0.682714 0.500984 0.024972 0.048884
0 0.607797 0.383219 0.030522 0.053327
0 0.583518 0.314338 0.033296 0.048884
0 0.538430 0.182463 0.029134 0.052216
0 0.567217 0.190240 0.029828 0.052216
0 0.582825 0.064698 0.036071 0.045551
0 0.744104 0.086918 0.031215 0.047773
0 0.676124 0.091918 0.028441 0.055549
0 0.700056 0.179686 0.029134 0.055549
0 0.696934 0.245234 0.021504 0.037774
0 0.623405 0.258566 0.028441 0.048884
0 0.637972 0.219681 0.028441 0.044440
0 0.675083 0.239679 0.023585 0.044440
0 0.760058 0.226347 0.025666 0.044440
0 0.730646 0.415882 0.029828 0.051105
0 0.921754 0.341446 0.026360 0.048884
0 0.845103 0.250234 0.024279 0.038885
0 0.455258 0.314449 0.027053 0.049995
0 0.753885 0.888608 0.030522 0.052216
0 0.675846 0.538869 0.028441 0.038885
0 0.479537 0.781064 0.032603 0.043329