0 0.396998 0.226884 0.027424 0.039003
0 0.430556 0.263508 0.023815 0.034247
0 0.431638 0.058980 0.025980 0.039954
0 0.293077 0.201674 0.023093 0.038052
0 0.330965 0.338090 0.025258 0.043760
0 0.373904 0.733638 0.028867 0.038052
0 0.421895 0.599981 0.026702 0.037100
0 0.364523 0.872051 0.023093 0.027588
0 0.452206 0.818303 0.026702 0.038052
0 0.446432 0.959094 0.022372 0.032344
0 0.512465 0.960046 0.024537 0.028539
0 0.371739 0.982401 0.025980 0.035198
0 0.334934 0.967656 0.024537 0.032344
0 0.241478 0.512842 0.023815 0.033295
0 0.451484 0.516172 0.025258 0.036149
0 0.429834 0.533295 0.023815 0.036149
0 0.155960 0.032344 0.024537 0.039954
0 0.518239 0.583333 0.024537 0.039954
0 0.547466 0.576199 0.020928 0.042808
0 0.539889 0.691305 0.023093 0.031393
0 0.562261 0.972888 0.023093 0.033295
0 0.709409 0.886320 0.031032 0.035198
0 0.630386 0.716990 0.025980 0.040906
0 0.684151 0.693208 0.025258 0.042808
0 0.740441 0.671328 0.020928 0.039003
0 0.766421 0.662291 0.022372 0.041857
0 0.880445 0.878710 0.022372 0.040906
0 0.934571 0.779300 0.020928 0.036149
0 0.947200 0.715563 0.018763 0.034247
0 0.799979 0.968607 0.025980 0.038052
0 0.832093 0.841134 0.022372 0.034247
0 0.911477 0.779776 0.022372 0.029490
0 0.880085 0.694635 0.025980 0.039954
0 0.846888 0.649448 0.024537 0.042808
0 0.824155 0.676084 0.023815 0.046613
0 0.767865 0.829243 0.025258 0.039003
0 0.679821 0.777397 0.028145 0.039954
0 0.809361 0.922945 0.028867 0.038052
0 0.881889 0.568874 0.022372 0.041857
0 0.785185 0.493246 0.020928 0.035198
0 0.655645 0.461377 0.028867 0.039954
0 0.611262 0.467561 0.032475 0.039003
0 0.497599 0.380232 0.028867 0.050419
0 0.574457 0.232021 0.019485 0.044711
0 0.627860 0.166857 0.022372 0.039954
0 0.793123 0.167808 0.020928 0.045662
0 0.821629 0.328101 0.027424 0.042808
0 0.879724 0.193969 0.023815 0.044711
0 0.972098 0.151161 0.025258 0.042808
0 0.576983 0.549658 0.025980 0.039954
0 0.959829 0.332477 0.026702 0.033295
0 0.891270 0.394311 0.022372 0.037100
0 0.711935 0.287291 0.027424 0.039954
0 0.539456 0.337709 0.027424 0.043760