0 0.355924 0.246345 0.025666 0.048884
0 0.420436 0.323003 0.029828 0.042218
0 0.480092 0.209682 0.032603 0.055549
0 0.581368 0.334669 0.028441 0.049995
0 0.482519 0.391885 0.026360 0.046662
0 0.559517 0.439102 0.024972 0.036663
0 0.589692 0.406328 0.025666 0.039996
0 0.589110 0.091753 0.030763 0.052555
0 0.697293 0.053569 0.028712 0.046806
0 0.674477 0.276515 0.026148 0.044343
0 0.612951 0.299097 0.022047 0.035310
0 0.629614 0.327838 0.021534 0.035310
0 0.647047 0.313468 0.021534 0.036131
0 0.328907 0.329152 0.026148 0.048449
0 0.422221 0.497080 0.024098 0.036131
0 0.230568 0.441159 0.029225 0.050091
0 0.241848 0.519580 0.029225 0.054197
0 0.228774 0.609909 0.032814 0.045985
0 0.313372 0.536825 0.023585 0.044343
0 0.341827 0.652609 0.025123 0.045985
0 0.425913 0.660000 0.031276 0.044343
0 0.463084 0.641934 0.027687 0.045985
0 0.468212 0.516296 0.026661 0.047628
0 0.288505 0.733905 0.029225 0.042701
0 0.405148 0.726514 0.026661 0.036131
0 0.444627 0.764698 0.024610 0.040237
0 0.552041 0.849278 0.023072 0.043522
0 0.683808 0.817253 0.019996 0.038595
0 0.513331 0.665748 0.023585 0.037774
0 0.541530 0.688740 0.021534 0.037774
0 0.713290 0.758047 0.025636 0.036131
0 0.660480 0.668129 0.022559 0.045164
0 0.523329 0.563020 0.031276 0.043522
0 0.595365 0.565483 0.026661 0.035310
0 0.789069 0.288833 0.024610 0.036131
0 0.807014 0.257218 0.022559 0.041879
0 0.780096 0.142255 0.027174 0.040237
0 0.755486 0.224371 0.026148 0.035310
0 0.770868 0.397227 0.026148 0.039416
0 0.820345 0.366843 0.024610 0.037774
0 0.909301 0.265840 0.026148 0.036131
0 0.961598 0.282263 0.024098 0.032847
0 0.622436 0.136917 0.025636 0.036131
0 0.692422 0.203021 0.032301 0.045164
0 0.868283 0.047246 0.028199 0.041058
0 0.668068 0.599398 0.020509 0.036131
0 0.787018 0.493057 0.026661 0.040237
0 0.799580 0.871039 0.032301 0.044343
0 0.815217 0.940838 0.023585 0.031204
0 0.693704 0.944944 0.031788 0.045985
0 0.731132 0.829570 0.026661 0.041879
0 0.839315 0.759361 0.022559 0.037774
0 0.868027 0.845583 0.025636 0.036131
0 0.912377 0.913329 0.028199 0.038595
0 0.716520 0.898548 0.023072 0.045164
0 0.954420 0.976148 0.028199 0.031204
0 0.979030 0.852563 0.027174 0.041879
0 0.953651 0.726103 0.023585 0.035310
0 0.898790 0.397801 0.029737 0.045164
0 0.601159 0.022364 0.024098 0.035310
0 0.863669 0.560064 0.019996 0.032025
0 0.739592 0.519827 0.021021 0.035310
0 0.766509 0.592500 0.024610 0.039416