0 0.327483 0.079697 0.029828 0.048884
0 0.371185 0.174131 0.025666 0.046662
0 0.294187 0.195795 0.027053 0.058882
0 0.331992 0.171353 0.031909 0.049995
0 0.439165 0.305228 0.027053 0.048884
0 0.321587 0.342446 0.029134 0.054438
0 0.335461 0.285230 0.029134 0.046662
0 0.387139 0.589530 0.028441 0.045551
0 0.407256 0.660077 0.025666 0.051105
0 0.359046 0.862500 0.036071 0.053327
0 0.472114 0.891385 0.027747 0.039996
0 0.494312 0.871943 0.033296 0.047773
0 0.528649 0.821393 0.031215 0.044440
0 0.558824 0.794729 0.033296 0.042218
0 0.458241 0.470876 0.027747 0.047773
0 0.478912 0.593640 0.024695 0.044440
0 0.192286 0.851390 0.037458 0.051105
0 0.197142 0.594751 0.041620 0.055549
0 0.345588 0.570309 0.036071 0.064437
0 0.692772 0.854167 0.027053 0.036663
0 0.601207 0.641413 0.028441 0.035552
0 0.720866 0.714183 0.029134 0.038885
0 0.731271 0.787508 0.023585 0.034441
0 0.608144 0.701406 0.024279 0.048884
0 0.747225 0.962489 0.022198 0.033330
0 0.906077 0.909717 0.027747 0.041107
0 0.964692 0.901384 0.029828 0.039996
0 0.932089 0.846946 0.025666 0.046662
0 0.779828 0.769177 0.027747 0.037774
0 0.661557 0.614194 0.024279 0.038885
0 0.658088 0.569199 0.022891 0.035552
0 0.567217 0.522204 0.027053 0.041107
0 0.556118 0.441101 0.028441 0.041107
0 0.479120 0.349667 0.025666 0.035552
0 0.440622 0.209238 0.020810 0.044440
0 0.521435 0.244234 0.029828 0.047773
0 0.573807 0.248678 0.026360 0.041107
0 0.606756 0.327558 0.021504 0.041107
0 0.648030 0.289785 0.027747 0.041107
0 0.471837 0.265787 0.022198 0.036663
0 0.548141 0.041923 0.023585 0.042218
0 0.656354 0.154133 0.027747 0.046662
0 0.695547 0.129136 0.028441 0.043329
0 0.736127 0.134135 0.030522 0.046662
0 0.693812 0.036924 0.024972 0.038885
0 0.772891 0.120248 0.027747 0.036663
0 0.780522 0.049700 0.023585 0.037774
0 0.804800 0.255233 0.026360 0.046662
0 0.836362 0.229680 0.027053 0.037774
0 0.723987 0.302450 0.027053 0.036663
0 0.504786 0.043034 0.028441 0.053327
0 0.716704 0.908606 0.026360 0.034441
0 0.966773 0.950268 0.025666 0.039996
0 0.775319 0.824726 0.027053 0.037774
0 0.719478 0.650301 0.024972 0.035552
0 0.650111 0.492540 0.026360 0.042218
0 0.730230 0.529203 0.024279 0.037774
0 0.732658 0.483652 0.024972 0.039996
0 0.737167 0.451434 0.028441 0.035552
0 0.689304 0.534758 0.028441 0.042218
0 0.909892 0.695296 0.024279 0.038885
0 0.646989 0.779398 0.031215 0.044440
0 0.668147 0.417437 0.024972 0.044440
0 0.823876 0.461877 0.027053 0.044440
0 0.868271 0.489652 0.027053 0.037774
0 0.832547 0.400773 0.024972 0.042218
0 0.895671 0.357444 0.030522 0.048884
0 0.891509 0.291340 0.024972 0.038885
0 0.803413 0.295229 0.022198 0.031108
0 0.959143 0.532647 0.025666 0.036663
0 0.855438 0.624304 0.029134 0.039996
0 0.820755 0.668743 0.029134 0.039996
0 0.866190 0.719182 0.029828 0.039996
0 0.964345 0.597751 0.027747 0.041107
0 0.861335 0.109693 0.027053 0.037774
0 0.874514 0.015407 0.022891 0.030813
0 0.870699 0.977487 0.029134 0.038885
0 0.455189 0.283008 0.024972 0.042218
0 0.878330 0.220015 0.026360 0.045551
0 0.970241 0.143023 0.024279 0.042218
0 0.990497 0.663410 0.019006 0.039996
0 0.889775 0.541757 0.021504 0.034441