0 0.288357 0.081248 0.027309 0.043738
0 0.275633 0.158783 0.026688 0.047714
0 0.423039 0.216438 0.031033 0.043738
0 0.465864 0.146855 0.026068 0.047714
0 0.491621 0.181646 0.022964 0.041750
0 0.536619 0.176179 0.028550 0.042744
0 0.567962 0.215941 0.029171 0.038768
0 0.595891 0.280057 0.025447 0.037774
0 0.443831 0.494770 0.026688 0.035786
0 0.470519 0.500734 0.026688 0.043738
0 0.454692 0.423199 0.024826 0.037774
0 0.490690 0.439103 0.027309 0.039762
0 0.414970 0.345663 0.024826 0.039762
0 0.533826 0.319818 0.027929 0.043738
0 0.588443 0.311369 0.026688 0.034791
0 0.466485 0.309381 0.026068 0.046720
0 0.352222 0.440893 0.025447 0.039762
0 0.457113 0.595963 0.027929 0.047714
0 0.428873 0.614353 0.028550 0.044732
0 0.276812 0.471211 0.033515 0.042744
0 0.315914 0.421807 0.027309 0.039762
0 0.230884 0.466539 0.026068 0.049702
0 0.286432 0.597753 0.026688 0.049702
0 0.253227 0.687614 0.033515 0.049702
0 0.323361 0.973033 0.032274 0.053934
0 0.480077 0.966443 0.026688 0.046720
0 0.402185 0.846164 0.029791 0.044732
0 0.468595 0.809881 0.024826 0.039762
0 0.551142 0.808887 0.027309 0.043738
0 0.571624 0.889902 0.027309 0.040756
0 0.608863 0.910777 0.023585 0.040756
0 0.576279 0.752227 0.024206 0.041750
0 0.577830 0.632644 0.031033 0.042744
0 0.618173 0.511072 0.024826 0.039762
0 0.630586 0.552822 0.028550 0.039762
0 0.331120 0.137909 0.027929 0.039762
0 0.582795 0.128465 0.024826 0.040756
0 0.637723 0.179161 0.025447 0.048708
0 0.643620 0.078266 0.022344 0.039762
0 0.725857 0.102620 0.026688 0.040756
0 0.690789 0.243277 0.027309 0.045726
0 0.698237 0.172203 0.027309 0.042744
0 0.730822 0.374988 0.021723 0.040756
0 0.731753 0.337711 0.026068 0.043738
0 0.766199 0.296458 0.025447 0.044732
0 0.740442 0.056397 0.027309 0.043738
0 0.636172 0.497156 0.023585 0.043738
0 0.657584 0.500138 0.025447 0.045726
0 0.705065 0.493676 0.024826 0.046720
0 0.746648 0.766144 0.024826 0.031809
0 0.643930 0.806899 0.022964 0.037774
0 0.699789 0.937616 0.029171 0.034791
0 0.738580 0.918232 0.026068 0.039762
0 0.832609 0.902824 0.027929 0.038768
0 0.783888 0.698052 0.023585 0.036780
0 0.737339 0.697058 0.026068 0.032803
0 0.801576 0.657296 0.027929 0.044732
0 0.702582 0.583240 0.026068 0.041750
0 0.856815 0.902824 0.024206 0.042744
0 0.911122 0.845170 0.031033 0.038768
0 0.980387 0.955012 0.026068 0.035786
0 0.955561 0.726978 0.027309 0.035786
0 0.924528 0.729463 0.028550 0.040756
0 0.835775 0.523696 0.023585 0.050696
0 0.883875 0.563955 0.032895 0.055666
0 0.832051 0.112560 0.027309 0.046720
0 0.921115 0.049439 0.025447 0.041750
0 0.971698 0.210971 0.024826 0.046720
0 0.934148 0.314351 0.025447 0.046720
0 0.902495 0.322800 0.026688 0.039762
0 0.815293 0.250136 0.027309 0.054672
0 0.819017 0.725388 0.029791 0.037774