0 0.331237 0.099927 0.032757 0.057710
0 0.343357 0.036971 0.030791 0.053513
0 0.292584 0.148718 0.026205 0.054562
0 0.385941 0.137176 0.032102 0.052463
0 0.411491 0.073171 0.033412 0.062956
0 0.282757 0.191213 0.030136 0.049316
0 0.253931 0.306108 0.028826 0.054562
0 0.477332 0.386902 0.026205 0.054562
0 0.519916 0.077368 0.035377 0.054562
0 0.568069 0.327618 0.029481 0.047217
0 0.535639 0.162358 0.027516 0.048266
0 0.384958 0.540095 0.027516 0.052463
0 0.453092 0.544292 0.030136 0.044069
0 0.472091 0.526454 0.024895 0.050365
0 0.433111 0.385852 0.029481 0.052463
0 0.262448 0.345980 0.031447 0.046168
0 0.367925 0.622147 0.032757 0.054562
0 0.299463 0.758552 0.026861 0.050365
0 0.266706 0.739665 0.026861 0.046168
0 0.256551 0.776914 0.026205 0.036724
0 0.240173 0.615327 0.028826 0.051414
0 0.362028 0.925910 0.031447 0.055611
0 0.300118 0.862430 0.029481 0.054562
0 0.429180 0.888137 0.029481 0.053513
0 0.473401 0.878693 0.027516 0.053513
0 0.453747 0.802621 0.031447 0.046168
0 0.473729 0.685103 0.029481 0.054562
0 0.522209 0.632115 0.022930 0.059808
0 0.575275 0.668315 0.028171 0.054562
0 0.584120 0.814163 0.027516 0.054562
0 0.568724 0.866627 0.037343 0.056660
0 0.532036 0.964733 0.026861 0.045118
0 0.690389 0.709422 0.026533 0.044384
0 0.647347 0.736808 0.026533 0.046273
0 0.675354 0.868071 0.028302 0.042495
0 0.767630 0.911038 0.028892 0.043440
0 0.874646 0.936063 0.025943 0.042495
0 0.916804 0.945507 0.030071 0.042495
0 0.894399 0.841157 0.031250 0.041551
0 0.896757 0.791107 0.028892 0.043440
0 0.930071 0.803856 0.029481 0.046273
0 0.976356 0.816132 0.030071 0.053827
0 0.963090 0.852961 0.028302 0.044384
0 0.857547 0.807161 0.029481 0.041551
0 0.792984 0.751917 0.028892 0.046273
0 0.767630 0.680619 0.024175 0.039662
0 0.788561 0.667871 0.023585 0.038718
0 0.824823 0.700450 0.024175 0.043440
0 0.731368 0.679203 0.027123 0.044384
0 0.689800 0.638596 0.027712 0.042495
0 0.900000 0.696673 0.027123 0.047217
0 0.958373 0.944562 0.033019 0.055716
0 0.570106 0.570037 0.025354 0.044384
0 0.580719 0.478908 0.022995 0.041551
0 0.569222 0.508655 0.028302 0.050050
0 0.620814 0.436791 0.027712 0.041551
0 0.638502 0.359827 0.021816 0.038718
0 0.588090 0.178702 0.024764 0.048161
0 0.677123 0.224975 0.030660 0.042495
0 0.644399 0.056410 0.027712 0.052883
0 0.740212 0.080963 0.025943 0.041551
0 0.693337 0.171620 0.025354 0.050994
0 0.769988 0.495245 0.024175 0.040607
0 0.768514 0.333763 0.027123 0.046273
0 0.799469 0.339429 0.021816 0.040607
0 0.746109 0.394673 0.023585 0.045328
0 0.834847 0.503272 0.026533 0.052883
0 0.817453 0.288718 0.029481 0.049106
0 0.865802 0.325547 0.030660 0.049106
0 0.811557 0.198061 0.023585 0.045328
0 0.836321 0.154149 0.030660 0.046273
0 0.885849 0.201839 0.021226 0.041551
0 0.974587 0.257555 0.031250 0.049106
0 0.972818 0.062548 0.028892 0.051939
0 0.813325 0.037051 0.022406 0.046273
0 0.835436 0.038940 0.024175 0.046273
0 0.613149 0.162176 0.030071 0.049106
0 0.761439 0.229319 0.030660 0.044384
0 0.652948 0.323564 0.029481 0.055716
0 0.918278 0.439718 0.023585 0.044384
0 0.967807 0.451522 0.028302 0.045328
0 0.888502 0.470409 0.025354 0.045328
0 0.938915 0.473242 0.024764 0.041551
0 0.907075 0.590151 0.034198 0.041551
0 0.905012 0.615177 0.026533 0.038718
0 0.963090 0.574098 0.023585 0.041551
0 0.790920 0.835774 0.030660 0.050050
0 0.701592 0.832469 0.027712 0.043440
0 0.546521 0.668815 0.025354 0.053827
0 0.570106 0.690063 0.021816 0.043440
0 0.871109 0.059999 0.023585 0.047217
0 0.084316 0.905183 0.033019 0.056660
0 0.148880 0.755505 0.033608 0.068937
0 0.169517 0.669571 0.028892 0.061382
0 0.155366 0.539913 0.032429 0.067993
0 0.217866 0.293912 0.034788 0.068937
2 0.670696 0.630286 0.065448 0.203033