0 0.142974 0.053384 0.030565 0.044319
0 0.210981 0.058924 0.029037 0.045326
0 0.367244 0.136986 0.025216 0.044319
0 0.337443 0.261886 0.023688 0.048348
0 0.282427 0.440673 0.029801 0.043312
0 0.178124 0.337732 0.027508 0.047341
0 0.115466 0.862208 0.029037 0.048348
0 0.088722 0.948832 0.032093 0.040290
0 0.119669 0.792707 0.025216 0.040290
0 0.293506 0.697019 0.029037 0.042305
0 0.271347 0.564968 0.027508 0.041297
0 0.412327 0.472301 0.025216 0.041297
0 0.312227 0.941277 0.026744 0.039283
0 0.159785 0.933723 0.035150 0.046334
0 0.387875 0.852135 0.029801 0.034247
0 0.416912 0.823932 0.026744 0.036261
0 0.446331 0.802780 0.035150 0.040290
0 0.453972 0.405218 0.024452 0.041297
0 0.481480 0.393634 0.025980 0.042305
0 0.505550 0.340250 0.026744 0.042305
0 0.462759 0.177780 0.029801 0.047341
0 0.549717 0.338437 0.025216 0.044319
0 0.595182 0.128425 0.029037 0.041297
0 0.554301 0.185334 0.020631 0.034247
0 0.533670 0.218070 0.026744 0.037268
0 0.496228 0.522059 0.029801 0.033239
0 0.586394 0.467164 0.028273 0.036261
0 0.567291 0.654613 0.028273 0.045326
0 0.612375 0.650081 0.020631 0.036261
0 0.658604 0.623388 0.025980 0.033239
0 0.631860 0.669722 0.029037 0.039283
0 0.428985 0.981567 0.026744 0.025181
0 0.475215 0.890411 0.024452 0.032232
0 0.604733 0.912571 0.028273 0.034247
0 0.611610 0.808824 0.025216 0.032232
0 0.678089 0.897965 0.025216 0.039283
0 0.695664 0.755943 0.026744 0.041297
0 0.723936 0.815874 0.023688 0.038276
0 0.815249 0.692486 0.024452 0.039283
0 0.706362 0.619964 0.025216 0.039283
0 0.776661 0.744359 0.023688 0.042305
0 0.814103 0.852135 0.026744 0.036261
0 0.856512 0.729754 0.022924 0.035254
0 0.909236 0.635576 0.027508 0.038276
0 0.647219 0.501914 0.023688 0.033239
0 0.623149 0.474214 0.022924 0.036261
0 0.659062 0.296636 0.021395 0.033239
0 0.644926 0.209508 0.025216 0.042305
0 0.568132 0.078566 0.021395 0.044319
0 0.765276 0.242244 0.027508 0.039283
0 0.726305 0.392828 0.029037 0.044319
0 0.824113 0.460113 0.025980 0.042305
0 0.758780 0.459609 0.025216 0.045326
0 0.946373 0.824436 0.027508 0.043312
0 0.925741 0.565673 0.027508 0.038276
0 0.816090 0.232675 0.028273 0.048348
0 0.650275 0.025181 0.031329 0.050362
0 0.732800 0.132252 0.025216 0.043312
0 0.590674 0.309831 0.022160 0.040290
0 0.357998 0.494762 0.019867 0.032232
0 0.361055 0.611604 0.033621 0.036261
1 0.531836 0.481164 0.098572 0.105761
0 0.892043 0.031225 0.029801 0.042305