0 0.771488 0.340209 0.024895 0.049316
0 0.805818 0.283024 0.027516 0.037774
0 0.793370 0.215346 0.026205 0.053513
0 0.684617 0.261514 0.028826 0.043020
0 0.718029 0.373261 0.024895 0.041971
0 0.742269 0.125109 0.028826 0.036724
0 0.654809 0.106223 0.026861 0.040921
0 0.857901 0.450907 0.022930 0.039872
2 0.743907 0.260465 0.076651 0.202509
0 0.919156 0.181770 0.026205 0.047217
0 0.890330 0.172851 0.031447 0.060858
0 0.578158 0.192787 0.032102 0.048266
0 0.602398 0.348079 0.025550 0.050365
0 0.682652 0.385852 0.024895 0.041971
0 0.791732 0.433594 0.028171 0.043020
0 0.896554 0.424151 0.028171 0.043020
0 0.881813 0.358571 0.024895 0.046168
0 0.872314 0.520054 0.029481 0.047217
0 0.785836 0.531910 0.028171 0.044069
0 0.767165 0.547125 0.026205 0.038823
0 0.782888 0.588571 0.030136 0.037774
0 0.915225 0.697170 0.031447 0.047217
0 0.900485 0.751732 0.026861 0.047217
0 0.803525 0.760651 0.025550 0.048266
0 0.838247 0.843018 0.025550 0.040921
0 0.869038 0.780587 0.024240 0.039872
0 0.909984 0.863479 0.024895 0.041971
0 0.971895 0.840920 0.028171 0.040921
0 0.967636 0.969455 0.023585 0.041971
0 0.792715 0.858757 0.030136 0.043020
0 0.768147 0.913319 0.030791 0.049316
0 0.758320 0.965258 0.029481 0.041971
0 0.581106 0.857183 0.034067 0.046168
0 0.610587 0.928009 0.028826 0.038823
0 0.687893 0.792653 0.030136 0.043020
0 0.730477 0.839870 0.035377 0.045118
0 0.685273 0.668840 0.032757 0.043020
0 0.684945 0.616901 0.032102 0.048266
0 0.607311 0.725500 0.034067 0.049316
0 0.539177 0.647854 0.031447 0.047217
0 0.506748 0.873971 0.024240 0.050365
0 0.484146 0.881841 0.028826 0.047217
0 0.537539 0.944272 0.034722 0.054562
0 0.497904 0.536317 0.027516 0.044069
0 0.469733 0.426144 0.034067 0.050365
0 0.543436 0.484379 0.030791 0.051414
0 0.573572 0.467066 0.032102 0.044069
0 0.645309 0.441359 0.035377 0.047217
0 0.518540 0.330976 0.032102 0.040921
0 0.535574 0.296874 0.033412 0.044069
0 0.478905 0.243886 0.026205 0.049316
0 0.455647 0.058691 0.032102 0.050365
0 0.572917 0.111154 0.030791 0.044069
0 0.451585 0.244726 0.034722 0.051414
0 0.400812 0.258366 0.031447 0.045118
0 0.256682 0.227413 0.031447 0.056660
0 0.382796 0.054808 0.033412 0.051414
0 0.384106 0.386902 0.030791 0.052463
0 0.371659 0.442513 0.036032 0.062956
0 0.238666 0.423626 0.036032 0.050365
0 0.220322 0.478712 0.030791 0.053513
0 0.331695 0.215871 0.036032 0.052463
0 0.354625 0.141373 0.034722 0.060858
0 0.590474 0.394981 0.029481 0.043020
0 0.449620 0.571153 0.033412 0.050365
0 0.409329 0.680801 0.030136 0.045118
0 0.370349 0.545971 0.029481 0.046168
0 0.261268 0.649323 0.031447 0.049316
0 0.373952 0.757398 0.031447 0.051414
0 0.356263 0.913844 0.036688 0.058759
0 0.151795 0.671463 0.030791 0.052463
0 0.136727 0.777964 0.032102 0.059808
0 0.071213 0.826754 0.034722 0.065055
0 0.195034 0.815212 0.028171 0.054562
0 0.298218 0.740715 0.027516 0.052463
0 0.619104 0.185442 0.032757 0.048266
0 0.952896 0.231085 0.026861 0.045118
0 0.805490 0.063727 0.029481 0.056660