0 0.033376 0.171768 0.035723 0.046019
0 0.167336 0.419521 0.030851 0.049229
0 0.174237 0.280394 0.026792 0.044949
0 0.231068 0.327483 0.028416 0.036387
0 0.129178 0.032106 0.032475 0.051370
0 0.366246 0.101134 0.035723 0.052440
0 0.458395 0.119328 0.034911 0.050300
0 0.516444 0.209760 0.027604 0.049229
0 0.557850 0.220462 0.032475 0.049229
0 0.510761 0.073844 0.027604 0.053510
0 0.488840 0.409889 0.024356 0.049229
0 0.306979 0.342466 0.024356 0.038527
0 0.236346 0.466610 0.027604 0.040668
0 0.289930 0.462864 0.027604 0.037457
0 0.188851 0.497646 0.028416 0.038527
0 0.075187 0.775150 0.026792 0.046019
0 0.073158 0.569135 0.030851 0.047089
0 0.115376 0.868579 0.030851 0.044949
0 0.011411 0.923159 0.022821 0.040668
0 0.171395 0.891588 0.024356 0.035317
0 0.194534 0.883027 0.026792 0.041738
0 0.222544 0.747646 0.024356 0.036387
0 0.302514 0.770120 0.028416 0.040668
0 0.355286 0.863763 0.026792 0.039598
0 0.257049 0.956871 0.021921 0.035317
0 0.431603 0.878746 0.028416 0.035317
0 0.381672 0.559824 0.027604 0.041738
0 0.516850 0.949379 0.018673 0.031036
0 0.575306 0.970248 0.020297 0.032106
0 0.562315 0.878211 0.021921 0.034247
0 0.612246 0.907106 0.021109 0.034247
0 0.551355 0.722496 0.029228 0.039598
0 0.628890 0.731057 0.023545 0.031036
0 0.490058 0.784033 0.023545 0.034247
0 0.653246 0.862158 0.020297 0.029966
0 0.630919 0.818814 0.024356 0.035317
0 0.488434 0.200128 0.026792 0.047089
0 0.590325 0.277718 0.025980 0.041738
0 0.631325 0.326948 0.028416 0.048159
0 0.611434 0.081871 0.025980 0.050300
0 0.628484 0.468536 0.024356 0.047089
0 0.165306 0.747646 0.026792 0.049229
0 0.677602 0.759418 0.026792 0.040668
0 0.704800 0.719820 0.025980 0.038527
0 0.790454 0.622967 0.023545 0.048159
0 0.815622 0.738014 0.028416 0.038527
0 0.939434 0.913527 0.022733 0.036387
0 0.908176 0.659889 0.025168 0.042808
0 0.854592 0.693600 0.021921 0.033176
0 0.930503 0.706978 0.022733 0.036387
0 0.962166 0.896404 0.022733 0.032106
0 0.724286 0.550942 0.022733 0.042808
0 0.712107 0.436965 0.022733 0.037457
0 0.757573 0.413955 0.024356 0.040668
0 0.937810 0.444991 0.024356 0.038527
0 0.668672 0.223673 0.021921 0.038527
0 0.708860 0.219392 0.027604 0.036387
0 0.728751 0.051370 0.025168 0.034247
0 0.775840 0.284675 0.025168 0.040668
0 0.902493 0.339790 0.026792 0.039598
0 0.808721 0.055651 0.027604 0.038527
0 0.977592 0.594178 0.025980 0.044949
0 0.499395 0.532106 0.025980 0.036387
0 0.736870 0.680223 0.026792 0.038527
0 0.569660 0.417506 0.030565 0.043312