0 0.513034 0.158783 0.023585 0.045726
1 0.487897 0.094668 0.070134 0.167993
0 0.540653 0.042480 0.025447 0.043738
0 0.563617 0.152819 0.024206 0.043738
0 0.499690 0.243277 0.030412 0.045726
0 0.420556 0.178664 0.023585 0.051690
0 0.318458 0.211965 0.025447 0.048708
0 0.298597 0.050930 0.024206 0.042744
0 0.375869 0.228863 0.027309 0.056660
0 0.302942 0.414749 0.032895 0.056660
0 0.414660 0.489203 0.030412 0.047714
0 0.463381 0.472304 0.027309 0.039762
0 0.479208 0.454909 0.025447 0.046720
0 0.459347 0.351528 0.026688 0.044732
0 0.545929 0.410674 0.028550 0.043738
0 0.632820 0.363457 0.024826 0.050696
0 0.644613 0.299341 0.022344 0.043738
0 0.654233 0.485724 0.026688 0.048708
0 0.334285 0.524889 0.037239 0.048708
0 0.299839 0.583041 0.035377 0.055666
0 0.398523 0.744573 0.027929 0.052684
0 0.484484 0.808689 0.024826 0.045726
0 0.447555 0.762466 0.027929 0.040756
0 0.481691 0.699344 0.030412 0.049702
0 0.284322 0.682445 0.030412 0.049702
0 0.262910 0.751034 0.028550 0.051690
0 0.250807 0.810180 0.030412 0.046720
0 0.240318 0.277273 0.028550 0.055666
0 0.234111 0.580456 0.026068 0.043738
0 0.192527 0.499939 0.032274 0.051690
0 0.206492 0.824792 0.034136 0.055666
0 0.296797 0.873997 0.031033 0.062625
0 0.480201 0.954018 0.030412 0.047714
0 0.590367 0.703519 0.029791 0.047714
0 0.615814 0.893878 0.027309 0.048708
0 0.482684 0.599144 0.030412 0.045726
0 0.748138 0.978500 0.026068 0.043000
0 0.733242 0.820319 0.031033 0.048708
0 0.759310 0.861075 0.027309 0.042744
0 0.639213 0.694175 0.026688 0.041750
0 0.705933 0.673300 0.024826 0.045726
0 0.846822 0.810478 0.026068 0.041750
0 0.834409 0.850737 0.032274 0.048708
0 0.727346 0.542384 0.027929 0.046720
0 0.972815 0.793480 0.027309 0.048708
0 0.886855 0.714453 0.030412 0.037774
0 0.869476 0.801432 0.027929 0.038768
0 0.741621 0.457990 0.030412 0.041750
0 0.713071 0.425187 0.027929 0.043738
0 0.790343 0.526579 0.029791 0.043738
0 0.839995 0.557892 0.028550 0.042744
0 0.850857 0.493279 0.024206 0.042744
0 0.718347 0.270017 0.027309 0.046720
0 0.663729 0.241786 0.029791 0.042744
0 0.654419 0.155304 0.027309 0.040756
0 0.684831 0.081248 0.024826 0.043738
0 0.732001 0.188605 0.027309 0.049702
0 0.830065 0.245265 0.026068 0.047714
0 0.867304 0.198545 0.024826 0.047714
0 0.819824 0.066834 0.022964 0.040756
0 0.797790 0.393278 0.029791 0.052684
0 0.821375 0.309281 0.027309 0.051690
0 0.894613 0.352522 0.027309 0.044732
0 0.961023 0.306796 0.023585 0.048708
0 0.955747 0.414650 0.022964 0.045726
0 0.950472 0.521510 0.027309 0.044732
0 0.889958 0.435525 0.022964 0.039762
0 0.969091 0.188108 0.021102 0.038768
0 0.955747 0.681948 0.029171 0.046720
0 0.834409 0.920021 0.024826 0.039762