0 0.277516 0.199607 0.032757 0.049316
0 0.260155 0.333389 0.028171 0.046168
0 0.379717 0.284073 0.027516 0.048266
0 0.433438 0.198033 0.031447 0.048266
0 0.555621 0.332864 0.029481 0.049316
0 0.626376 0.323946 0.026861 0.044069
0 0.657822 0.234758 0.026861 0.052463
0 0.662736 0.291418 0.027516 0.048266
0 0.640789 0.085237 0.026861 0.043020
0 0.474712 0.024519 0.027516 0.049038
0 0.422956 0.481545 0.032757 0.052463
0 0.449817 0.410195 0.031447 0.052463
0 0.328616 0.503580 0.032757 0.046168
0 0.364649 0.500957 0.034067 0.049316
0 0.583792 0.413343 0.028171 0.041971
0 0.488470 0.312089 0.030136 0.051414
0 0.538588 0.641454 0.028171 0.048266
0 0.512055 0.675030 0.028826 0.039872
0 0.426887 0.703885 0.031447 0.051414
0 0.383320 0.892858 0.037343 0.060858
0 0.682062 0.957913 0.028171 0.048266
0 0.719078 0.980530 0.030136 0.038939
0 0.661753 0.868725 0.032102 0.050365
0 0.677149 0.897580 0.026205 0.045118
0 0.692545 0.856659 0.026861 0.045118
0 0.652254 0.784259 0.027516 0.047217
0 0.289308 0.813114 0.037998 0.058759
0 0.213247 0.487841 0.033412 0.054562
0 0.227987 0.870824 0.034067 0.058759
0 0.204403 0.595916 0.039308 0.054562
0 0.213902 0.363923 0.032102 0.055611
1 0.276140 0.659501 0.185404 0.178375
0 0.592374 0.155014 0.028826 0.041971
0 0.735849 0.092582 0.024895 0.036724
0 0.774175 0.123011 0.026861 0.038823
0 0.782691 0.075794 0.026861 0.045118
0 0.717178 0.189115 0.025550 0.051414
0 0.630045 0.203804 0.025550 0.047217
0 0.670991 0.605884 0.028826 0.043020
0 0.686714 0.558667 0.023585 0.043020
0 0.705058 0.378193 0.026205 0.049316
0 0.767951 0.337271 0.028826 0.036724
0 0.744693 0.355109 0.024240 0.043020
0 0.784657 0.471053 0.024240 0.041971
0 0.774502 0.607982 0.026205 0.049316
0 0.725039 0.592243 0.024240 0.045118
0 0.595650 0.540304 0.027516 0.039872
0 0.504914 0.452691 0.030791 0.053513
0 0.713247 0.785833 0.025550 0.041971
0 0.736177 0.730222 0.026861 0.044069
0 0.793501 0.747010 0.030136 0.046168
0 0.776140 0.913844 0.028171 0.041971
0 0.855739 0.963684 0.026205 0.040921
0 0.902581 0.934829 0.025550 0.044069
0 0.873428 0.809966 0.026205 0.044069
0 0.897013 0.812065 0.023585 0.048266
0 0.819051 0.940600 0.026205 0.040921
0 0.758451 0.934304 0.026861 0.036724
0 0.853118 0.602841 0.030136 0.041971
0 0.946475 0.593397 0.028171 0.048266
0 0.824948 0.403270 0.027516 0.046168
0 0.866549 0.448389 0.024240 0.039872
0 0.870152 0.352800 0.026205 0.043020
0 0.821344 0.297714 0.025550 0.039872
0 0.867204 0.244201 0.029481 0.044069
0 0.891116 0.053235 0.023585 0.044069
0 0.989714 0.413868 0.020571 0.045118
0 0.965343 0.409146 0.018999 0.037774
0 0.976808 0.830427 0.026205 0.049316
0 0.984342 0.892858 0.025550 0.041971
0 0.955844 0.256268 0.026205 0.049316
1 0.698375 0.086811 0.098270 0.050365
2 0.630569 0.541459 0.104167 0.164735
1 0.390789 0.641034 0.104167 0.165784