0 0.193906 0.179136 0.029977 0.046101
0 0.251612 0.224579 0.029477 0.044784
0 0.297827 0.258825 0.025980 0.039515
0 0.438420 0.139094 0.026979 0.042150
0 0.554481 0.261591 0.027479 0.040832
0 0.613186 0.260603 0.026979 0.041491
0 0.684732 0.187500 0.027979 0.038857
0 0.647010 0.156217 0.027479 0.039515
0 0.730447 0.071589 0.026480 0.041491
0 0.782407 0.214831 0.027479 0.036881
0 0.805639 0.183878 0.024981 0.038198
0 0.710462 0.216149 0.020484 0.028978
0 0.846108 0.063685 0.023982 0.033588
0 0.882581 0.191122 0.023982 0.039515
0 0.738690 0.175645 0.026979 0.038857
0 0.850605 0.312632 0.026979 0.042808
0 0.904064 0.171365 0.023982 0.038198
0 0.903814 0.286617 0.022483 0.034247
0 0.801143 0.394165 0.028978 0.040174
0 0.739690 0.432034 0.024981 0.035564
0 0.702218 0.398116 0.028978 0.037540
0 0.632372 0.433680 0.025980 0.037540
0 0.539892 0.419784 0.023482 0.034247
0 0.479339 0.422550 0.026480 0.035564
0 0.409242 0.284971 0.028978 0.037540
0 0.353784 0.253556 0.025980 0.036881
0 0.180667 0.136986 0.029477 0.038198
0 0.292331 0.098459 0.032975 0.037540
0 0.240371 0.413330 0.029977 0.042150
0 0.320310 0.377766 0.027979 0.038198
0 0.353535 0.413330 0.024481 0.042150
0 0.119463 0.704492 0.025980 0.034905
0 0.363677 0.966873 0.032975 0.029636
0 0.376917 0.896733 0.029477 0.031612
0 0.369922 0.930321 0.030477 0.031612
0 0.437121 0.964568 0.029977 0.036881
0 0.485584 0.980374 0.028978 0.031612
0 0.417636 0.855901 0.027979 0.032929
0 0.309968 0.737158 0.026480 0.037540
0 0.260755 0.708509 0.028978 0.036881
0 0.350187 0.666359 0.024981 0.036881
0 0.509965 0.653846 0.021983 0.034247
0 0.527452 0.611367 0.020984 0.034905
0 0.563924 0.641662 0.025980 0.040174
0 0.435022 0.602279 0.023982 0.041491
0 0.574516 0.372827 0.028978 0.041491
0 0.619481 0.547287 0.031976 0.040832
0 0.734394 0.534444 0.027979 0.037540
0 0.616234 0.665174 0.025481 0.039515
0 0.487083 0.628952 0.020984 0.031612
0 0.567271 0.939871 0.028478 0.034905
0 0.500572 0.909576 0.025980 0.036222
0 0.638717 0.841083 0.028478 0.030954
0 0.633970 0.793335 0.018986 0.031612
0 0.652206 0.785432 0.025481 0.036881
0 0.602744 0.830545 0.022483 0.033588
0 0.581261 0.839107 0.021484 0.038857
0 0.631272 0.977081 0.023982 0.028978
0 0.717457 0.900026 0.023482 0.032929
0 0.733694 0.808153 0.022982 0.029636
0 0.737192 0.692637 0.025980 0.037540
0 0.675739 0.715358 0.023982 0.034247
0 0.702468 0.796035 0.025481 0.037540
0 0.858849 0.710748 0.026480 0.038198
0 0.859598 0.676172 0.028978 0.033588
0 0.864594 0.559602 0.025980 0.041491
0 0.894072 0.604386 0.023982 0.030954
0 0.779659 0.860182 0.025980 0.029636
0 0.780658 0.748946 0.026979 0.032929
0 0.507167 0.552424 0.026979 0.034247
0 0.648559 0.635406 0.024981 0.035564
0 0.549335 0.054663 0.029977 0.035564
0 0.949779 0.298670 0.027479 0.038857
0 0.925298 0.060590 0.021484 0.035564
0 0.769667 0.354254 0.023982 0.037540
0 0.829371 0.488277 0.025481 0.035564
0 0.652157 0.418006 0.022982 0.038857
0 0.797546 0.538857 0.020984 0.034247
0 0.783306 0.627437 0.026480 0.032271