0 0.414112 0.394771 0.030791 0.057710
0 0.474057 0.340734 0.032757 0.052463
0 0.481263 0.259940 0.028826 0.041971
0 0.512710 0.188065 0.027516 0.043020
0 0.576585 0.207477 0.032102 0.046168
0 0.571672 0.115666 0.026205 0.051414
0 0.613273 0.121437 0.026861 0.050365
0 0.662081 0.182294 0.027516 0.052463
0 0.688286 0.070023 0.028826 0.048266
0 0.740042 0.099927 0.022275 0.051414
0 0.744955 0.242103 0.025550 0.044069
0 0.709578 0.339685 0.024240 0.050365
0 0.671908 0.354899 0.027516 0.045118
0 0.664701 0.404214 0.023585 0.045118
0 0.650288 0.456153 0.026205 0.039872
0 0.622773 0.483959 0.026205 0.043020
0 0.552345 0.504944 0.024240 0.043020
0 0.517623 0.311879 0.028171 0.049316
0 0.492728 0.539570 0.029481 0.049316
0 0.410836 0.470843 0.029481 0.044069
0 0.360063 0.460350 0.034067 0.046168
0 0.348270 0.494976 0.030136 0.041971
0 0.312566 0.566851 0.030791 0.049316
0 0.245742 0.433594 0.033412 0.061907
0 0.221502 0.285123 0.037343 0.069252
0 0.203682 0.359411 0.034722 0.062956
0 0.234801 0.614278 0.027516 0.059808
0 0.282953 0.955290 0.038653 0.057710
0 0.530595 0.710286 0.030791 0.050365
0 0.583333 0.705039 0.032757 0.044069
0 0.603315 0.873447 0.029481 0.053513
0 0.587592 0.976333 0.025550 0.047333
0 0.637710 0.600847 0.028826 0.053513
0 0.648847 0.503790 0.024895 0.048266
0 0.787474 0.087336 0.024895 0.043020
0 0.833333 0.072646 0.023585 0.049316
0 0.923742 0.174950 0.019654 0.035675
0 0.863797 0.282499 0.025550 0.040921
0 0.777319 0.237906 0.025550 0.048266
0 0.761596 0.384593 0.028171 0.048266
0 0.760613 0.479552 0.028826 0.047217
0 0.671515 0.723087 0.034067 0.046168
0 0.603381 0.763798 0.034067 0.044069
0 0.702961 0.921188 0.035377 0.052463
0 0.783543 0.893908 0.030136 0.046168
0 0.746528 0.761700 0.032102 0.052463
0 0.776992 0.673037 0.030136 0.043020
0 0.785508 0.592768 0.024895 0.037774
0 0.841195 0.600113 0.030136 0.044069
0 0.907364 0.561814 0.027516 0.049316
0 0.899502 0.483644 0.028826 0.050365
0 0.827110 0.353535 0.022930 0.046168
0 0.945362 0.499383 0.024895 0.048266
0 0.926035 0.601162 0.022930 0.039872
0 0.941758 0.734944 0.029481 0.043020
0 0.921122 0.861905 0.028826 0.047217
0 0.889020 0.922762 0.028826 0.043020
0 0.928001 0.948469 0.029481 0.046168
0 0.838574 0.948994 0.030136 0.047217
0 0.769785 0.957388 0.030136 0.045118
0 0.845453 0.765897 0.026861 0.041971
0 0.984015 0.348918 0.024895 0.048266
0 0.786819 0.186492 0.028826 0.046168
2 0.898192 0.134553 0.073375 0.114370
1 0.756355 0.556883 0.083202 0.113321
1 0.741614 0.611969 0.098270 0.164735
0 0.525092 0.777964 0.033412 0.045118
0 0.557586 0.429922 0.029481 0.054562