0 0.410967 0.081137 0.025059 0.047217
0 0.307415 0.089400 0.028744 0.047217
0 0.277196 0.077005 0.028744 0.043676
0 0.417600 0.280038 0.033903 0.050758
0 0.454452 0.141338 0.032429 0.056660
0 0.470666 0.280629 0.029481 0.051939
0 0.290463 0.541385 0.033166 0.053119
0 0.332842 0.491216 0.036851 0.051939
0 0.235186 0.570895 0.042011 0.057841
0 0.475457 0.524741 0.040537 0.056660
0 0.281987 0.786205 0.033903 0.064923
0 0.537367 0.742529 0.033166 0.048397
0 0.366745 0.506798 0.033903 0.056660
0 0.516362 0.436563 0.035377 0.050758
0 0.533682 0.512110 0.030218 0.048397
0 0.569428 0.556966 0.030955 0.053119
0 0.548054 0.421807 0.030955 0.047217
0 0.606648 0.413544 0.031692 0.047217
0 0.644973 0.341538 0.028744 0.049578
0 0.659346 0.427710 0.032429 0.054300
0 0.699145 0.405872 0.030955 0.050758
0 0.699145 0.240022 0.023585 0.047217
0 0.621020 0.246514 0.035377 0.046037
0 0.585643 0.223496 0.035377 0.047217
0 0.577535 0.724232 0.030955 0.051939
0 0.602594 0.722462 0.032429 0.055480
0 0.589696 0.780303 0.034640 0.050758
0 0.608122 0.969171 0.030218 0.046037
0 0.508623 0.062250 0.031692 0.056660
0 0.508255 0.172029 0.039800 0.051939
0 0.574587 0.113008 0.029481 0.051939
0 0.687353 0.127173 0.029481 0.049578
0 0.643868 0.176751 0.028007 0.047217
0 0.796801 0.082907 0.034640 0.048397
0 0.765478 0.166717 0.038325 0.050758
0 0.807488 0.177341 0.030955 0.043676
0 0.792748 0.409885 0.030955 0.046037
0 0.774690 0.461824 0.025796 0.046037
0 0.714623 0.577151 0.029481 0.042495
0 0.717939 0.659781 0.037588 0.044856
0 0.691406 0.688111 0.031692 0.049578
0 0.654555 0.674537 0.027270 0.043676
0 0.695091 0.934938 0.031692 0.043676
0 0.733048 0.926085 0.030955 0.047217
0 0.779850 0.920183 0.027270 0.047217
0 0.794222 0.901296 0.026533 0.042495
0 0.643499 0.762596 0.030218 0.048397
0 0.889888 0.264103 0.029481 0.044856
0 0.868514 0.300696 0.026533 0.037774
0 0.897627 0.313680 0.027270 0.042495
0 0.949587 0.206852 0.025059 0.041315
0 0.971330 0.364439 0.031692 0.042495
0 0.823187 0.352871 0.031692 0.049578
0 0.884729 0.531823 0.029481 0.051939
0 0.950324 0.542447 0.028007 0.040134
0 0.970593 0.655768 0.033166 0.054300
0 0.889151 0.722462 0.033903 0.050758
0 0.847140 0.911330 0.029481 0.046037
0 0.900206 0.878868 0.033903 0.047217
0 0.472730 0.785615 0.029481 0.049578
0 0.851194 0.544218 0.027270 0.046037
0 0.552698 0.031559 0.033166 0.059021
0 0.875147 0.187965 0.029481 0.046037