0 0.027816 0.225327 0.033066 0.047478
0 0.073576 0.410181 0.030113 0.043587
0 0.220305 0.061488 0.030704 0.049813
0 0.256028 0.202133 0.030113 0.045922
0 0.290570 0.156211 0.025980 0.047478
0 0.306807 0.250778 0.026571 0.043587
0 0.297655 0.357799 0.029523 0.042808
0 0.259866 0.307597 0.030704 0.040473
0 0.237133 0.392435 0.025390 0.042030
0 0.176021 0.273973 0.024799 0.049813
0 0.136165 0.306663 0.032475 0.054483
0 0.177497 0.511052 0.032475 0.043587
0 0.156241 0.615271 0.028932 0.039695
0 0.116385 0.806507 0.030704 0.040473
0 0.066196 0.753969 0.029523 0.045922
0 0.191373 0.956180 0.027161 0.039695
0 0.057634 0.942948 0.030113 0.039695
0 0.249238 0.685710 0.029523 0.040473
0 0.157422 0.729686 0.032475 0.042808
0 0.355166 0.942170 0.035427 0.047478
0 0.358413 0.815302 0.026571 0.039695
0 0.370518 0.688434 0.025980 0.035025
0 0.351623 0.600327 0.031885 0.042808
0 0.272502 0.553627 0.024799 0.044365
0 0.239436 0.593322 0.028342 0.041252
0 0.546770 0.756538 0.023028 0.035803
0 0.475088 0.921155 0.031294 0.031912
0 0.576352 0.820750 0.027161 0.030355
0 0.652816 0.900140 0.030113 0.041252
0 0.715109 0.885741 0.030704 0.038917
0 0.690901 0.817637 0.027161 0.033468
0 0.649864 0.714664 0.032475 0.032690
0 0.663149 0.643057 0.023618 0.043587
0 0.710090 0.579234 0.025390 0.035803
0 0.455012 0.662905 0.026571 0.033468
0 0.396852 0.686255 0.023618 0.031912
0 0.485126 0.639555 0.025390 0.031912
0 0.550371 0.667030 0.027161 0.032690
0 0.570447 0.559231 0.027161 0.035025
0 0.572809 0.491205 0.023618 0.042808
0 0.533248 0.519225 0.031885 0.047478
0 0.395435 0.434776 0.031885 0.048257
0 0.359122 0.508717 0.030113 0.043587
0 0.412263 0.282923 0.028932 0.047478
0 0.440901 0.176681 0.024799 0.037360
0 0.362665 0.077833 0.024209 0.042030
0 0.544231 0.179016 0.031885 0.048257
0 0.609181 0.292263 0.029523 0.044365
0 0.703654 0.355697 0.029523 0.040473
0 0.660256 0.107410 0.026571 0.040473
0 0.512051 0.142824 0.025390 0.036582
0 0.553088 0.296933 0.023618 0.033468
0 0.541633 0.364648 0.027161 0.041252
0 0.659547 0.186800 0.024209 0.038917
0 0.707374 0.216765 0.030113 0.044365
0 0.745164 0.093400 0.025390 0.042030
0 0.773506 0.139321 0.023028 0.037360
0 0.754906 0.143213 0.021256 0.037360
0 0.766420 0.261908 0.028932 0.033468
0 0.834028 0.032301 0.027161 0.035025
0 0.885988 0.028798 0.022437 0.034247
0 0.927025 0.131149 0.023028 0.033468
0 0.869750 0.253736 0.027752 0.037360
0 0.962452 0.228051 0.027752 0.045143
0 0.959205 0.321840 0.021256 0.036582
0 0.802438 0.399284 0.026571 0.043587
0 0.765830 0.402008 0.024209 0.027242
0 0.729516 0.470968 0.030704 0.036582
0 0.749002 0.549969 0.027161 0.037360
0 0.624710 0.457737 0.031294 0.033468
0 0.786200 0.732721 0.025980 0.029577
0 0.795648 0.797712 0.025980 0.030355
0 0.760811 0.844022 0.027161 0.034247
0 0.849084 0.816781 0.024209 0.037360
0 0.849084 0.662671 0.027752 0.037360
0 0.895730 0.637765 0.027752 0.038917
0 0.926729 0.640878 0.028342 0.040473
0 0.824580 0.517668 0.029523 0.038138
0 0.797419 0.570205 0.029523 0.040473
0 0.853217 0.474082 0.024209 0.041252
0 0.884512 0.442637 0.027752 0.036582
0 0.954186 0.902475 0.025390 0.039695
0 0.967766 0.874455 0.026571 0.042808
0 0.803914 0.932052 0.025980 0.027242
0 0.153879 0.856164 0.025390 0.045143
0 0.405060 0.801681 0.040742 0.043587
0 0.655060 0.759573 0.030113 0.035025
0 0.733591 0.437733 0.026571 0.032690
0 0.875655 0.350872 0.030113 0.049813
0 0.843770 0.713730 0.030113 0.034247