0 0.395255 0.205794 0.024972 0.038885
0 0.413291 0.103583 0.029134 0.045551
0 0.309933 0.364665 0.034684 0.052216
0 0.275943 0.402995 0.029134 0.048884
0 0.249931 0.440768 0.032603 0.055549
0 0.339761 0.451323 0.027747 0.058882
0 0.387625 0.381330 0.027747 0.043329
0 0.379648 0.258566 0.032603 0.051105
0 0.496532 0.263565 0.027747 0.047773
0 0.506243 0.328558 0.030522 0.048884
0 0.534337 0.134691 0.029828 0.056660
0 0.588097 0.074697 0.024972 0.047773
0 0.535377 0.443546 0.024972 0.043329
0 0.501387 0.489096 0.026360 0.043329
0 0.436876 0.482986 0.030522 0.042218
0 0.490289 0.537424 0.029134 0.048884
0 0.534337 0.564088 0.028441 0.051105
0 0.320685 0.704628 0.029828 0.054438
0 0.303690 0.809616 0.031909 0.051105
0 0.444853 0.661299 0.031215 0.047773
0 0.174251 0.469543 0.027747 0.052216
0 0.211709 0.724737 0.030522 0.053327
0 0.212056 0.944713 0.029828 0.055549
0 0.482936 0.776953 0.036071 0.057771
0 0.528718 0.830281 0.031909 0.051105
0 0.574501 0.744735 0.030522 0.051105
0 0.583171 0.715294 0.025666 0.038885
0 0.648377 0.145801 0.032603 0.052216
0 0.618896 0.195240 0.034684 0.053327
0 0.739248 0.215793 0.029828 0.054438
0 0.776013 0.177464 0.027053 0.044440
0 0.841912 0.080808 0.024279 0.048884
0 0.961224 0.176908 0.027053 0.045551
0 0.909892 0.022073 0.028441 0.044145
0 0.614734 0.394551 0.026360 0.051105
0 0.663984 0.475098 0.024972 0.041107
0 0.612653 0.488763 0.027747 0.053327
0 0.846074 0.264121 0.025666 0.044440
0 0.782256 0.107472 0.029828 0.048884
0 0.494381 0.079697 0.029828 0.053327
0 0.765955 0.420770 0.030522 0.046662
0 0.823876 0.439102 0.027053 0.047773
0 0.849889 0.414104 0.030522 0.044440
0 0.968854 0.570754 0.022891 0.044440
0 0.727109 0.586863 0.024972 0.045551
0 0.698321 0.656856 0.028441 0.043329
0 0.681673 0.678520 0.027053 0.051105
0 0.689304 0.772398 0.024279 0.043329
0 0.757630 0.713516 0.024972 0.043329
0 0.653926 0.917494 0.027053 0.036663
0 0.679939 0.972487 0.031909 0.039996
0 0.842259 0.964711 0.024972 0.042218
0 0.767689 0.851390 0.029828 0.046662
0 0.804107 0.820837 0.029134 0.041107
0 0.751387 0.888608 0.029134 0.041107
0 0.826304 0.808617 0.026360 0.038885
0 0.838790 0.756956 0.023585 0.035552
0 0.848502 0.699740 0.024972 0.045551
0 0.932089 0.883053 0.031215 0.049995
0 0.908851 0.955267 0.027747 0.045551
0 0.906770 0.795840 0.023585 0.033330
0 0.951859 0.683075 0.022198 0.038885
0 0.966773 0.668632 0.021504 0.043329
0 0.848849 0.625859 0.025666 0.039996
0 0.844340 0.580531 0.027747 0.037774
0 0.879370 0.852501 0.025666 0.037774
0 0.858213 0.186352 0.029134 0.046662
0 0.565483 0.948046 0.030522 0.053327