0 0.089927 0.250666 0.023815 0.044711
0 0.130340 0.078482 0.025258 0.039003
0 0.215498 0.292998 0.023815 0.045662
0 0.175445 0.347888 0.028867 0.040906
0 0.099309 0.878330 0.025258 0.046613
0 0.203951 0.881088 0.026702 0.036149
0 0.267458 0.882991 0.023815 0.034247
0 0.364162 0.935788 0.025258 0.031393
0 0.288026 0.749334 0.027424 0.035198
0 0.282252 0.648497 0.021650 0.031393
0 0.357667 0.664193 0.025258 0.036149
0 0.482516 0.877759 0.026702 0.031393
0 0.476021 0.800704 0.029589 0.039003
0 0.396637 0.639365 0.026702 0.037100
0 0.409266 0.576579 0.023093 0.037100
0 0.266015 0.486682 0.025258 0.038052
0 0.242921 0.516648 0.022372 0.035198
0 0.295603 0.465278 0.025258 0.039003
0 0.189517 0.531393 0.029589 0.049467
0 0.136114 0.584190 0.032475 0.046613
0 0.430916 0.456621 0.028867 0.041857
0 0.487568 0.578387 0.026702 0.039954
0 0.312562 0.301465 0.030310 0.044711
0 0.357667 0.283390 0.025258 0.044711
0 0.273231 0.259608 0.028145 0.046613
0 0.469526 0.212614 0.028145 0.039003
0 0.381482 0.073725 0.026702 0.050419
0 0.514991 0.020453 0.026702 0.040906
0 0.546023 0.280156 0.026702 0.044711
0 0.494063 0.352454 0.023815 0.040906
0 0.427308 0.356735 0.023093 0.045662
0 0.361636 0.772165 0.024537 0.042808
0 0.610107 0.970034 0.023815 0.039003
0 0.570055 0.736967 0.024537 0.035198
0 0.621293 0.773116 0.027424 0.048516
0 0.633201 0.725076 0.023815 0.045662
0 0.721966 0.814498 0.022372 0.034247
0 0.760215 0.934836 0.025258 0.039003
0 0.801350 0.933885 0.023815 0.035198
0 0.895167 0.914859 0.023815 0.037100
0 0.818309 0.861111 0.024537 0.039954
0 0.858362 0.769787 0.025258 0.038052
0 0.780783 0.649448 0.025980 0.039003
0 0.746142 0.619007 0.025980 0.048516
0 0.678666 0.655156 0.026702 0.035198
0 0.946767 0.615202 0.028867 0.039003
0 0.548404 0.512747 0.024537 0.045662
0 0.620932 0.411910 0.025258 0.043760
0 0.681914 0.491438 0.024537 0.036149
0 0.684439 0.283961 0.022372 0.044711
0 0.597478 0.086568 0.025980 0.043760
0 0.681914 0.059456 0.036084 0.044711
0 0.800989 0.113204 0.025980 0.045662
0 0.901302 0.101313 0.021650 0.048516
0 0.744699 0.301560 0.025980 0.055175
0 0.811093 0.481925 0.024537 0.049467
0 0.816505 0.539479 0.023815 0.046613
0 0.880373 0.434361 0.028867 0.045662
0 0.880734 0.769787 0.023815 0.032344
0 0.693460 0.882991 0.024537 0.034247
0 0.154516 0.337709 0.027424 0.051370
0 0.540033 0.037100 0.025980 0.045662
0 0.781216 0.821632 0.023093 0.035198
0 0.894518 0.614631 0.031754 0.048516