0 0.135045 0.041691 0.029369 0.047647
0 0.077155 0.335393 0.028804 0.048392
0 0.124315 0.303008 0.025980 0.053603
0 0.231624 0.201385 0.027110 0.046903
0 0.279913 0.166394 0.025415 0.048392
0 0.202255 0.270622 0.030498 0.040947
0 0.159614 0.487344 0.032193 0.044669
0 0.213551 0.469476 0.037276 0.049136
0 0.245461 0.494416 0.027675 0.043925
0 0.335545 0.284842 0.028239 0.047647
0 0.307305 0.290798 0.025980 0.038714
0 0.119514 0.438580 0.026545 0.036480
0 0.098617 0.597528 0.024286 0.038714
0 0.209315 0.550253 0.028804 0.030524
0 0.175428 0.593806 0.024286 0.037225
0 0.157637 0.611674 0.029369 0.043180
0 0.101723 0.759678 0.022591 0.032758
0 0.064447 0.849017 0.023721 0.037225
0 0.200278 0.805465 0.025415 0.034991
0 0.235013 0.723943 0.025980 0.043180
0 0.268053 0.864279 0.031063 0.042436
0 0.131657 0.721337 0.033887 0.042436
0 0.117820 0.852740 0.029934 0.041691
0 0.191524 0.884753 0.031628 0.037225
0 0.059082 0.557549 0.028804 0.042436
0 0.351923 0.833979 0.027110 0.035736
0 0.268335 0.975432 0.027110 0.035736
0 0.408120 0.878648 0.022027 0.037225
0 0.385811 0.889443 0.027110 0.037969
0 0.450704 0.948258 0.027675 0.034991
0 0.423312 0.829512 0.022591 0.035736
0 0.467930 0.823928 0.024851 0.037969
0 0.489957 0.893166 0.021462 0.030524
0 0.512831 0.872692 0.025415 0.035736
0 0.307814 0.654929 0.026545 0.037969
0 0.298495 0.682102 0.023721 0.032758
0 0.318544 0.544074 0.024286 0.037225
0 0.340571 0.543702 0.028804 0.045414
0 0.365139 0.535140 0.027110 0.047647
0 0.424724 0.640858 0.033322 0.041691
0 0.386036 0.362120 0.029369 0.046158
0 0.477532 0.339041 0.029369 0.038714
0 0.425007 0.272781 0.023721 0.040203
0 0.516220 0.352070 0.027675 0.037969
0 0.476967 0.458532 0.030498 0.039458
0 0.393096 0.098645 0.026545 0.036480
0 0.428113 0.134008 0.022027 0.034247
0 0.449292 0.018612 0.028239 0.037224
0 0.529774 0.233398 0.027675 0.037969
0 0.548695 0.276206 0.023721 0.041691
0 0.604891 0.339488 0.029934 0.041691
0 0.495887 0.258711 0.028804 0.039458
0 0.533728 0.083755 0.023156 0.039458
0 0.582017 0.054348 0.027110 0.044669
0 0.689044 0.245310 0.028804 0.040947
0 0.711071 0.228559 0.032193 0.044669
0 0.663911 0.297796 0.029369 0.040203
0 0.693845 0.095295 0.025980 0.049136
0 0.565356 0.151504 0.023156 0.033502
0 0.486851 0.084872 0.027675 0.035736
0 0.751566 0.090456 0.027110 0.037969
0 0.791101 0.241587 0.029369 0.043925
0 0.826965 0.154482 0.029934 0.040947
0 0.971889 0.104601 0.025415 0.043925
0 0.885759 0.219625 0.029369 0.056581
0 0.808101 0.040575 0.029934 0.042436
0 0.760377 0.253871 0.031628 0.049136
0 0.804712 0.335914 0.025415 0.037225
0 0.849895 0.363088 0.025415 0.039458
0 0.888301 0.347454 0.025415 0.045414
0 0.856108 0.277844 0.022027 0.041691
0 0.967088 0.345220 0.023721 0.043925
0 0.800194 0.384753 0.023156 0.031269
0 0.815443 0.471114 0.025415 0.037225
0 0.646007 0.135870 0.028804 0.036480
0 0.656456 0.471188 0.027110 0.033502
0 0.694014 0.556805 0.027675 0.034991
0 0.695709 0.513996 0.029934 0.038714
0 0.769413 0.527770 0.027110 0.040947
0 0.646007 0.571322 0.028804 0.040203
0 0.464881 0.569461 0.024851 0.034991
0 0.537738 0.627308 0.023721 0.037225
0 0.521924 0.712924 0.027110 0.032758
0 0.568236 0.943791 0.022591 0.034991
0 0.662047 0.878276 0.026545 0.034991
0 0.698758 0.816483 0.025415 0.037969
0 0.749872 0.893910 0.022591 0.034991
0 0.816290 0.954214 0.022591 0.024568
0 0.829563 0.905822 0.026545 0.033502
0 0.865992 0.906939 0.020332 0.031269
0 0.879547 0.874553 0.022591 0.029035
0 0.908351 0.912522 0.025980 0.033502
0 0.958617 0.943791 0.024851 0.032013
0 0.694861 0.938580 0.027110 0.036480
0 0.720277 0.726027 0.024851 0.037225
0 0.647702 0.708532 0.023156 0.030524
0 0.577386 0.747245 0.027110 0.036480
0 0.603649 0.711882 0.028804 0.040203
0 0.847919 0.778142 0.022591 0.034247
0 0.881806 0.807177 0.021462 0.032758
0 0.927553 0.791170 0.024851 0.034991
0 0.969630 0.688803 0.025415 0.037225
0 0.850460 0.848868 0.027675 0.032758
0 0.777885 0.739130 0.021462 0.034247
0 0.488206 0.538267 0.025415 0.037225
0 0.164697 0.118374 0.026545 0.047647
0 0.664476 0.383189 0.024851 0.036480