0 0.026397 0.115357 0.032133 0.045061
0 0.129634 0.262707 0.029399 0.044160
0 0.080750 0.152307 0.027348 0.050469
0 0.013369 0.535328 0.026738 0.050469
0 0.116302 0.433490 0.025980 0.037851
0 0.321408 0.065339 0.027348 0.053172
0 0.257141 0.515681 0.025980 0.039654
0 0.316280 0.537761 0.026664 0.040555
0 0.347730 0.518385 0.025296 0.043259
0 0.373710 0.550829 0.022562 0.032444
0 0.185696 0.331200 0.028031 0.044160
0 0.022294 0.361391 0.030766 0.041456
0 0.311153 0.293800 0.027348 0.043259
0 0.222273 0.125721 0.030082 0.044160
0 0.162792 0.458453 0.024613 0.035148
0 0.099620 0.625360 0.028715 0.047765
0 0.275669 0.729632 0.026664 0.043259
0 0.230888 0.681417 0.031450 0.047765
0 0.021679 0.802361 0.027348 0.038753
0 0.150213 0.979362 0.027348 0.041276
0 0.406596 0.963230 0.023245 0.041456
0 0.404203 0.865447 0.028031 0.035148
0 0.467444 0.924928 0.025980 0.038753
0 0.887297 0.849225 0.022562 0.036950
0 0.804229 0.857336 0.021878 0.035148
0 0.724921 0.805515 0.024613 0.039654
0 0.698599 0.848324 0.026664 0.031543
0 0.817219 0.961428 0.025980 0.034247
0 0.858924 0.882120 0.025980 0.034247
0 0.668175 0.855984 0.023245 0.036049
0 0.633990 0.838410 0.025980 0.033345
0 0.567673 0.779831 0.023245 0.038753
0 0.698335 0.886029 0.024070 0.032736
0 0.665096 0.691630 0.023306 0.036765
0 0.614281 0.725624 0.024070 0.036261
0 0.740171 0.777246 0.017575 0.030721
0 0.576534 0.564615 0.021013 0.037772
0 0.568893 0.664333 0.025598 0.033743
0 0.731651 0.650232 0.022542 0.035757
0 0.461151 0.787671 0.018721 0.034247
0 0.536226 0.740633 0.022924 0.039283
0 0.519607 0.664988 0.022542 0.038276
0 0.541766 0.646354 0.019485 0.030218
0 0.521326 0.472603 0.022924 0.034247
0 0.495346 0.473610 0.020631 0.033239
0 0.606717 0.510627 0.022542 0.037772
0 0.668228 0.550413 0.021013 0.035757
0 0.668037 0.466358 0.019103 0.036261
0 0.699557 0.306154 0.022542 0.031728
0 0.635562 0.285254 0.019103 0.030218
0 0.584366 0.374446 0.021395 0.030721
0 0.467073 0.489978 0.022924 0.036765
0 0.774785 0.435334 0.024452 0.028203
0 0.865907 0.427528 0.021777 0.034750
0 0.908507 0.651944 0.022160 0.040794
0 0.837825 0.731164 0.016811 0.028203
0 0.748423 0.346344 0.022160 0.033743
0 0.783764 0.378576 0.021777 0.034750
0 0.902394 0.201753 0.025980 0.044319
0 0.749187 0.591056 0.021395 0.036261
0 0.759121 0.099466 0.023688 0.033743
0 0.864379 0.034750 0.022542 0.033239
0 0.686835 0.109287 0.021395 0.036261
0 0.703646 0.172744 0.027508 0.037268
0 0.679003 0.176521 0.019485 0.038779
0 0.619974 0.031728 0.022924 0.040290
0 0.579667 0.057665 0.025598 0.040794
0 0.544899 0.081084 0.020249 0.038276
0 0.492557 0.074788 0.025598 0.037772
0 0.456834 0.078062 0.027508 0.032232
0 0.439259 0.220890 0.022924 0.040290
0 0.552158 0.309579 0.028655 0.042808
0 0.585780 0.309831 0.027126 0.034247
0 0.397041 0.299758 0.027126 0.045326
0 0.474791 0.292758 0.025216 0.037772
0 0.412515 0.566277 0.023688 0.037268
0 0.426460 0.357826 0.021013 0.048852
0 0.517009 0.339343 0.021777 0.034247
0 0.161577 0.293463 0.026744 0.047844
0 0.278411 0.202558 0.027508 0.036261
0 0.247503 0.322925 0.024834 0.042305
0 0.281506 0.420276 0.024834 0.036765
0 0.067633 0.319189 0.038564 0.049765
0 0.395671 0.154110 0.028342 0.038917
0 0.611366 0.369474 0.020666 0.031912
0 0.367211 0.933219 0.018895 0.031133