0 0.090700 0.147883 0.028932 0.042030
0 0.026045 0.059542 0.028342 0.044365
0 0.131737 0.346747 0.028342 0.045922
0 0.229457 0.210539 0.028932 0.042808
0 0.283780 0.285648 0.026571 0.035803
0 0.358177 0.295766 0.026571 0.045143
0 0.416633 0.044754 0.026571 0.038138
0 0.045530 0.462951 0.025980 0.043587
0 0.204363 0.499533 0.027161 0.037360
0 0.241562 0.444271 0.025980 0.037360
0 0.293817 0.438045 0.023028 0.037360
0 0.341940 0.415473 0.023618 0.040473
0 0.124946 0.634729 0.025390 0.036582
0 0.024273 0.705557 0.029523 0.042808
0 0.123175 0.879514 0.027752 0.042030
0 0.210268 0.795455 0.034247 0.040473
0 0.220896 0.879125 0.024799 0.041252
0 0.068085 0.833982 0.025980 0.038138
0 0.251422 0.877958 0.023028 0.032690
0 0.380792 0.928938 0.028342 0.042808
0 0.382858 0.856554 0.024209 0.033468
0 0.404410 0.800514 0.023618 0.041252
0 0.459028 0.832425 0.024209 0.038138
0 0.493569 0.872509 0.022437 0.032690
0 0.466113 0.650685 0.025390 0.034247
0 0.275395 0.653409 0.025390 0.042808
0 0.235834 0.639788 0.032475 0.045143
0 0.321451 0.667808 0.032475 0.045143
0 0.355107 0.558842 0.030113 0.040473
0 0.358945 0.481787 0.027161 0.040473
0 0.381382 0.481009 0.029523 0.046700
0 0.405591 0.428082 0.027161 0.042030
0 0.495046 0.582970 0.025390 0.037360
0 0.301670 0.145937 0.024799 0.038138
0 0.426257 0.232721 0.028342 0.037360
0 0.400277 0.200420 0.029523 0.041252
0 0.472608 0.132316 0.028932 0.043587
0 0.527816 0.148272 0.025980 0.044365
0 0.521616 0.215598 0.027752 0.040473
0 0.601387 0.154110 0.027161 0.038917
0 0.581016 0.229997 0.024209 0.044365
0 0.558284 0.289539 0.027161 0.040473
0 0.677851 0.171233 0.023028 0.038917
0 0.659252 0.201588 0.024799 0.037360
0 0.623529 0.047089 0.026571 0.041252
0 0.688184 0.242450 0.023618 0.036582
0 0.748116 0.086395 0.028932 0.037360
0 0.616680 0.387298 0.027752 0.037360
0 0.696392 0.395470 0.027752 0.041252
0 0.668640 0.466687 0.024209 0.038917
0 0.562063 0.428549 0.027161 0.034247
0 0.548187 0.469412 0.025390 0.038138
0 0.508036 0.446840 0.028932 0.035025
0 0.468475 0.351884 0.024209 0.042808
0 0.483532 0.485757 0.022437 0.033468
0 0.480579 0.704857 0.028342 0.038917
0 0.549072 0.721902 0.022437 0.036582
0 0.593652 0.740193 0.023028 0.037360
0 0.614318 0.712951 0.026571 0.032690
0 0.656241 0.812189 0.026571 0.044365
0 0.594538 0.791563 0.030704 0.040473
0 0.740086 0.960461 0.026571 0.035803
0 0.797360 0.933998 0.026571 0.043587
0 0.838987 0.961628 0.024799 0.035025
0 0.843121 0.846435 0.023618 0.033468
0 0.717943 0.823864 0.023618 0.033468
0 0.755733 0.716843 0.023618 0.034247
0 0.726505 0.751868 0.026571 0.035803
0 0.752190 0.748366 0.028342 0.035025
0 0.770494 0.661893 0.025980 0.037360
0 0.795294 0.595346 0.027161 0.039695
0 0.931394 0.904032 0.021847 0.031912
0 0.981878 0.925047 0.020076 0.033468
0 0.902462 0.949564 0.026571 0.035803
0 0.927851 0.775607 0.024209 0.033468
0 0.959146 0.741750 0.023028 0.034247
0 0.885634 0.747198 0.021256 0.028020
0 0.850797 0.632783 0.027161 0.037360
0 0.914861 0.647572 0.024209 0.034247
0 0.952946 0.628892 0.025980 0.032690
0 0.980107 0.574019 0.023618 0.038138
0 0.882091 0.804016 0.021256 0.028020
0 0.918995 0.813356 0.023028 0.028020
0 0.619042 0.576121 0.026571 0.038917
0 0.610775 0.659791 0.025390 0.038138
0 0.715877 0.458515 0.021847 0.036582
0 0.789684 0.407145 0.023028 0.038138
0 0.819502 0.313356 0.023618 0.035803
0 0.822455 0.349938 0.020076 0.034247
0 0.831902 0.397416 0.025980 0.037360
0 0.691668 0.491983 0.025390 0.036582
0 0.747171 0.512998 0.025390 0.039695
0 0.939956 0.300903 0.023618 0.034247
0 0.902166 0.344100 0.022437 0.036582
0 0.866444 0.318026 0.026571 0.043587
0 0.921652 0.316859 0.023618 0.038138
0 0.942318 0.481087 0.020076 0.030355
0 0.963574 0.462407 0.020076 0.031912
0 0.816845 0.735990 0.028932 0.038917
0 0.876186 0.469645 0.020076 0.040473
0 0.779942 0.269380 0.024799 0.035025
0 0.737429 0.151852 0.022437 0.039695
0 0.856996 0.112469 0.021847 0.041252
0 0.905119 0.081336 0.027161 0.035025
0 0.818321 0.081725 0.023618 0.038917
0 0.721486 0.294054 0.021256 0.037360
0 0.873824 0.903253 0.027161 0.038138
0 0.640475 0.219567 0.027161 0.038138
0 0.500478 0.016734 0.025390 0.033468
0 0.165983 0.837484 0.025980 0.038917
0 0.374710 0.033857 0.023028 0.041252