0 0.368757 0.096362 0.031909 0.046662
0 0.285169 0.071920 0.029828 0.046662
0 0.310142 0.196351 0.031215 0.046662
0 0.340663 0.289674 0.033990 0.044440
0 0.406909 0.264676 0.030522 0.043329
0 0.466565 0.241901 0.027747 0.039996
0 0.518937 0.219681 0.033990 0.039996
0 0.572350 0.245790 0.028441 0.036663
0 0.611890 0.196351 0.029828 0.042218
0 0.559170 0.145801 0.029828 0.036663
0 0.231063 0.370887 0.033990 0.047773
0 0.226901 0.578753 0.035377 0.044440
0 0.422517 0.483763 0.031215 0.045551
0 0.484947 0.495984 0.031215 0.041107
0 0.540441 0.521537 0.031215 0.047773
0 0.600444 0.481541 0.030522 0.043329
0 0.571310 0.486541 0.027747 0.037774
0 0.536973 0.359666 0.029828 0.035552
0 0.578593 0.303006 0.031215 0.035552
0 0.639637 0.316893 0.033990 0.041107
0 0.710738 0.313560 0.029134 0.043329
0 0.697558 0.250789 0.031909 0.039996
0 0.756521 0.319115 0.029134 0.047773
0 0.714206 0.279119 0.023585 0.036663
0 0.642064 0.108583 0.031909 0.039996
0 0.607381 0.101361 0.029134 0.041107
0 0.732936 0.078030 0.031909 0.045551
0 0.756521 0.244679 0.027747 0.043329
0 0.490497 0.075253 0.033990 0.044440
0 0.264012 0.438435 0.037458 0.052216
0 0.252567 0.743068 0.039539 0.045551
0 0.341357 0.785841 0.042314 0.048884
0 0.458588 0.818616 0.032603 0.049995
0 0.451304 0.742513 0.037458 0.046662
0 0.493965 0.611416 0.032603 0.046662
0 0.550846 0.736958 0.029828 0.048884
0 0.296337 0.684186 0.036071 0.047773
0 0.194714 0.701962 0.036765 0.052216
0 0.521435 0.900829 0.032603 0.047773
0 0.536002 0.880831 0.031215 0.052216
0 0.623058 0.886386 0.026360 0.043329
0 0.606410 0.913605 0.033296 0.051105
0 0.579009 0.670854 0.032603 0.041107
0 0.648030 0.600306 0.031909 0.044440
0 0.807228 0.751956 0.029828 0.045551
0 0.807228 0.637524 0.024279 0.045551
0 0.845033 0.625303 0.026360 0.038885
0 0.765955 0.839169 0.024972 0.039996
0 0.791967 0.876387 0.028441 0.043329
0 0.690344 0.959156 0.031909 0.051105
0 0.751387 0.953601 0.026360 0.051105
0 0.866537 0.972487 0.029134 0.039996
0 0.936251 0.789730 0.032603 0.047773
0 0.957408 0.752512 0.026360 0.044440
0 0.737167 0.631414 0.029828 0.037774
0 0.693812 0.523315 0.036071 0.049995
0 0.727456 0.472765 0.029828 0.039996
0 0.703177 0.426659 0.027053 0.034441
0 0.660863 0.477209 0.025666 0.042218
0 0.876249 0.601639 0.026360 0.037774
0 0.945269 0.556644 0.025666 0.052216
0 0.846767 0.494429 0.032603 0.052216
0 0.830466 0.530536 0.029134 0.039996
0 0.912320 0.611083 0.031909 0.043329
0 0.808962 0.041923 0.027747 0.039996
0 0.764914 0.084696 0.028441 0.034441
0 0.889082 0.497984 0.022891 0.049995
0 0.815205 0.213571 0.031909 0.047773
0 0.850930 0.392996 0.024279 0.039996
0 0.974403 0.291785 0.027053 0.045551
0 0.739942 0.372442 0.033990 0.045551
0 0.872780 0.789174 0.027747 0.044440
0 0.667453 0.789730 0.030522 0.038885
0 0.599820 0.856389 0.028441 0.047773
0 0.734392 0.687630 0.029828 0.042218
0 0.893244 0.118026 0.025666 0.043329