0 0.090250 0.467365 0.029037 0.042305
0 0.206396 0.285556 0.025980 0.039283
0 0.191114 0.122885 0.025980 0.042305
0 0.176596 0.174758 0.024452 0.037268
0 0.270583 0.216559 0.024452 0.040290
0 0.299237 0.281023 0.026744 0.040290
0 0.398573 0.062450 0.023688 0.046334
0 0.445567 0.213034 0.025980 0.043312
0 0.486065 0.162168 0.019867 0.042305
0 0.560185 0.125907 0.021395 0.042305
0 0.562095 0.056406 0.023688 0.038276
0 0.593424 0.039786 0.022160 0.033239
0 0.519305 0.015612 0.017575 0.031224
0 0.279370 0.098711 0.023688 0.042305
0 0.257593 0.463437 0.030565 0.041297
0 0.327128 0.842063 0.021395 0.038276
0 0.292360 0.810838 0.025216 0.030218
0 0.129220 0.948328 0.024452 0.039283
0 0.214802 0.905016 0.027508 0.035254
0 0.416912 0.812853 0.026744 0.044319
0 0.463906 0.589142 0.024452 0.040089
0 0.351198 0.497583 0.031329 0.046334
0 0.397809 0.524778 0.023688 0.042305
0 0.557129 0.346495 0.027508 0.044319
0 0.495617 0.357575 0.026744 0.040290
0 0.519687 0.615733 0.029037 0.047341
0 0.598391 0.966459 0.019867 0.025181
0 0.593424 0.662268 0.022160 0.049355
0 0.587693 0.551974 0.027508 0.042305
0 0.728903 0.101732 0.024452 0.044319
0 0.671212 0.025685 0.022160 0.037268
0 0.685730 0.185838 0.025216 0.041297
0 0.662807 0.258360 0.022160 0.041297
0 0.621544 0.275987 0.022160 0.040290
0 0.686112 0.343473 0.025980 0.044319
0 0.612757 0.149577 0.024452 0.045326
0 0.694136 0.585214 0.026744 0.036261
0 0.665481 0.610898 0.025980 0.041297
0 0.778189 0.961926 0.023688 0.038276
0 0.904269 0.969480 0.023688 0.033239
0 0.810282 0.741942 0.026744 0.044319
0 0.851927 0.756044 0.022924 0.034247
0 0.698338 0.808924 0.021395 0.035254
0 0.747242 0.019641 0.021395 0.039282
0 0.520298 0.528203 0.021395 0.042305
0 0.800349 0.368654 0.022160 0.040290
0 0.352344 0.249295 0.021395 0.037268
0 0.486447 0.597804 0.020631 0.035254