0 0.336150 0.146619 0.030791 0.050365
0 0.461609 0.228462 0.035377 0.054562
0 0.517296 0.147144 0.030136 0.047217
0 0.453420 0.073171 0.028171 0.044069
0 0.284067 0.124585 0.028826 0.052463
0 0.409526 0.258891 0.028171 0.050365
0 0.464885 0.274105 0.028826 0.038823
0 0.260810 0.291418 0.030791 0.046168
0 0.404285 0.392358 0.029481 0.039872
0 0.449817 0.528763 0.030136 0.052463
0 0.410181 0.534009 0.030791 0.046168
0 0.317479 0.531386 0.031447 0.045118
0 0.429835 0.648904 0.026861 0.047217
0 0.489125 0.615327 0.028826 0.049316
0 0.489780 0.525615 0.024895 0.039872
0 0.462592 0.428033 0.028171 0.044069
0 0.541536 0.511450 0.028826 0.036724
0 0.577568 0.496235 0.027516 0.039872
0 0.676821 0.433804 0.032102 0.047217
0 0.676166 0.301072 0.025550 0.037774
0 0.283477 0.308416 0.025550 0.048266
0 0.423021 0.708187 0.029481 0.050365
0 0.555031 0.771668 0.030136 0.045118
0 0.583530 0.806294 0.029481 0.047217
0 0.563548 0.846166 0.030136 0.043020
0 0.507534 0.890235 0.030791 0.047217
0 0.571410 0.934829 0.030136 0.041971
0 0.699489 0.926959 0.030791 0.040921
0 0.757796 0.911745 0.033412 0.037774
0 0.667715 0.779013 0.022275 0.036724
0 0.689334 0.763274 0.028826 0.043020
0 0.555687 0.718680 0.028826 0.044069
0 0.609080 0.639041 0.030791 0.038823
0 0.664439 0.666321 0.031447 0.040921
0 0.724057 0.612809 0.027516 0.043020
0 0.667715 0.579232 0.028826 0.045118
0 0.535377 0.308207 0.034067 0.050365
0 0.554376 0.167080 0.028826 0.047217
0 0.594995 0.188590 0.028826 0.046168
0 0.638889 0.155538 0.027516 0.045118
0 0.741932 0.202231 0.030511 0.048266
0 0.733229 0.338635 0.028826 0.052463
0 0.753538 0.396870 0.018344 0.032527
0 0.615959 0.285647 0.024895 0.032527
0 0.609782 0.021466 0.034254 0.042932
0 0.743430 0.121627 0.026393 0.036874
0 0.816150 0.284413 0.025831 0.044069
0 0.886343 0.221457 0.026954 0.045868
0 0.970575 0.429482 0.024708 0.041371
0 0.868374 0.448818 0.024708 0.040472
0 0.825135 0.428133 0.022462 0.038673
0 0.806042 0.488570 0.026954 0.038673
0 0.765330 0.568614 0.027516 0.038673
0 0.821485 0.681126 0.023023 0.039572
0 0.837489 0.642903 0.028077 0.036874
0 0.773473 0.641554 0.022462 0.032377
0 0.828504 0.956783 0.028077 0.033277
0 0.952606 0.887082 0.022462 0.039572
0 0.871182 0.847959 0.024708 0.036874
0 0.841139 0.794447 0.026393 0.035975
0 0.958221 0.755324 0.028077 0.035076
0 0.882974 0.650098 0.024708 0.033277
0 0.889432 0.942393 0.028639 0.038673
0 0.868374 0.957683 0.024708 0.035076
0 0.971979 0.843013 0.028639 0.043170
0 0.959625 0.608007 0.026393 0.044069
0 0.898136 0.075309 0.025831 0.050365
0 0.941094 0.144561 0.025270 0.050365
0 0.952886 0.358611 0.032008 0.039572
0 0.828504 0.179636 0.021339 0.035975