0 0.105796 0.186644 0.029617 0.040411
0 0.062409 0.196575 0.021823 0.047945
0 0.198285 0.225342 0.027539 0.041096
0 0.259079 0.093151 0.026500 0.050685
0 0.350529 0.274521 0.029617 0.031507
0 0.374431 0.287534 0.026500 0.034247
0 0.399891 0.278973 0.031696 0.040411
0 0.350269 0.082877 0.028059 0.035616
0 0.372612 0.083904 0.027019 0.043151
0 0.419688 0.036301 0.028059 0.041096
0 0.445149 0.132534 0.025980 0.040411
0 0.485158 0.134589 0.030137 0.044521
0 0.516334 0.054110 0.025980 0.039726
0 0.453722 0.252740 0.031696 0.035616
0 0.641819 0.082534 0.025461 0.034932
0 0.569594 0.136644 0.027539 0.044521
0 0.580505 0.226370 0.033774 0.036301
0 0.744180 0.177740 0.028578 0.037671
0 0.690921 0.302055 0.030137 0.041096
0 0.650132 0.309589 0.031696 0.036986
0 0.639740 0.351370 0.030657 0.035616
0 0.773018 0.255822 0.027019 0.039041
0 0.758989 0.294863 0.024941 0.037671
0 0.869145 0.043151 0.023902 0.038356
0 0.846802 0.098973 0.021823 0.036301
0 0.820043 0.186986 0.026500 0.042466
0 0.507501 0.359658 0.028059 0.041781
0 0.598432 0.427466 0.025980 0.036301
0 0.959400 0.148630 0.022343 0.038356
0 0.888994 0.168151 0.024941 0.040411
0 0.648418 0.215753 0.020784 0.041096
0 0.896788 0.305205 0.023902 0.035616
0 0.770784 0.500548 0.022343 0.038356
0 0.797024 0.486164 0.022863 0.041096
0 0.731554 0.490616 0.027019 0.044521
0 0.920690 0.309110 0.022863 0.039041
0 0.968493 0.481164 0.022863 0.037671
0 0.937057 0.451370 0.024421 0.039726
0 0.879121 0.438904 0.023902 0.043836
0 0.791828 0.586575 0.025980 0.031507
0 0.781696 0.617055 0.024421 0.032192
0 0.840931 0.618767 0.026500 0.035616
0 0.870808 0.582808 0.024941 0.039041
0 0.620203 0.529384 0.026500 0.033562
0 0.586169 0.546849 0.027019 0.034247
0 0.528753 0.566370 0.022343 0.037671
0 0.601497 0.605068 0.024421 0.030137
0 0.541483 0.491164 0.024941 0.034932
0 0.374535 0.432945 0.027539 0.033562
0 0.414025 0.404863 0.030657 0.033562
0 0.440265 0.374384 0.028059 0.038356
0 0.318418 0.468562 0.030657 0.032192
0 0.391162 0.564110 0.026500 0.027397
0 0.420000 0.547329 0.030137 0.037671
0 0.421299 0.653014 0.028578 0.031507
0 0.428833 0.683493 0.028059 0.036301
0 0.308545 0.771849 0.036892 0.037671
0 0.252792 0.277877 0.029098 0.033562
0 0.293321 0.280274 0.027019 0.043836
0 0.188361 0.389110 0.033255 0.037671
0 0.154846 0.480068 0.033774 0.037671
0 0.115097 0.716781 0.031176 0.047260
0 0.240841 0.664041 0.028059 0.034932
0 0.339046 0.690411 0.023902 0.027397
0 0.411011 0.707534 0.030657 0.038356
0 0.242400 0.697260 0.029098 0.036986
0 0.040794 0.841438 0.033255 0.041781
0 0.128087 0.843493 0.033255 0.039041
0 0.196675 0.906164 0.029098 0.043836
0 0.098470 0.969863 0.030137 0.039726
0 0.336448 0.969863 0.031176 0.042466
0 0.428210 0.852055 0.028059 0.041096
0 0.481989 0.827055 0.026500 0.039041
0 0.503552 0.861986 0.028059 0.039041
0 0.435484 0.925000 0.024941 0.033562
0 0.395215 0.857534 0.026500 0.034247
0 0.289735 0.553493 0.028578 0.029452
0 0.540080 0.650205 0.024421 0.043151
0 0.619060 0.722466 0.026500 0.038356
0 0.754105 0.894178 0.020784 0.032192
0 0.694610 0.708219 0.027539 0.042466
0 0.725787 0.681849 0.027539 0.036301
0 0.815678 0.815411 0.024421 0.033562
0 0.849452 0.810959 0.024421 0.035616
0 0.889202 0.878767 0.025980 0.038356
0 0.775668 0.871575 0.024421 0.034932
0 0.655120 0.873288 0.024421 0.034247
0 0.692792 0.779932 0.021823 0.030822
0 0.815886 0.697671 0.027539 0.035616
0 0.733269 0.363288 0.025461 0.030137
0 0.921729 0.796918 0.022863 0.036301
0 0.943292 0.982534 0.023382 0.033562
0 0.683803 0.916438 0.025461 0.034247