0 0.135773 0.118092 0.027772 0.038970
0 0.290534 0.154405 0.024636 0.040742
0 0.347198 0.096835 0.023293 0.036608
0 0.210802 0.377716 0.028220 0.043103
0 0.222672 0.631613 0.023293 0.037199
0 0.254475 0.805444 0.022397 0.038380
0 0.282695 0.847662 0.021501 0.035427
0 0.206322 0.870985 0.025532 0.037199
0 0.099714 0.729688 0.025532 0.035427
0 0.262986 0.908892 0.021501 0.026571
0 0.428274 0.951701 0.027772 0.037789
0 0.396470 0.983231 0.022397 0.033538
0 0.323233 0.498878 0.021053 0.038380
0 0.354365 0.489136 0.022397 0.033066
0 0.392887 0.325992 0.023293 0.039561
0 0.244621 0.216403 0.023293 0.037199
0 0.419091 0.171882 0.021053 0.034837
0 0.485833 0.178968 0.022845 0.040742
0 0.552127 0.201996 0.020157 0.034837
0 0.424018 0.023677 0.021949 0.037199
0 0.069479 0.983821 0.025084 0.032357
0 0.331968 0.873760 0.028668 0.033066
0 0.509618 0.871693 0.027772 0.031294
0 0.559787 0.833609 0.021501 0.033066
0 0.562475 0.968529 0.026876 0.037199
0 0.337164 0.833314 0.026876 0.037199
0 0.468856 0.704771 0.023293 0.033066
0 0.520369 0.698866 0.022397 0.034247
0 0.480951 0.635983 0.025084 0.039561
0 0.416448 0.590222 0.028668 0.042513
0 0.474232 0.530586 0.024188 0.034247
0 0.461018 0.564832 0.026428 0.036608
0 0.429214 0.417277 0.021949 0.037199
0 0.350378 0.519426 0.025532 0.032475
0 0.369863 0.302492 0.021501 0.040742
0 0.522161 0.284778 0.024188 0.038380
0 0.543213 0.291096 0.020605 0.035427
0 0.713473 0.097721 0.022845 0.036018
0 0.684133 0.045465 0.017917 0.033066
0 0.661065 0.029818 0.023740 0.032475
0 0.660841 0.179795 0.023293 0.034837
0 0.619631 0.215517 0.026876 0.044875
0 0.665320 0.249764 0.021501 0.031885
0 0.564759 0.343529 0.021053 0.037789
0 0.611344 0.388994 0.026428 0.038970
0 0.614256 0.308101 0.020605 0.042513
0 0.675623 0.362128 0.023293 0.039561
0 0.729151 0.330834 0.024636 0.041923
0 0.707874 0.304558 0.020605 0.037789
0 0.442473 0.435817 0.021949 0.033656
0 0.521981 0.460026 0.027772 0.039561
0 0.566999 0.498701 0.021053 0.037789
0 0.625902 0.593529 0.023293 0.035427
0 0.600594 0.686821 0.026428 0.033066
0 0.531836 0.614195 0.024188 0.036608
0 0.551097 0.653637 0.025084 0.041332
0 0.605297 0.860888 0.024188 0.030704
0 0.618287 0.782357 0.023293 0.033066
0 0.448744 0.854865 0.030907 0.033066
0 0.663976 0.974728 0.025084 0.028342
0 0.678086 0.880846 0.021053 0.029523
0 0.649195 0.880550 0.024188 0.032475
0 0.694212 0.857818 0.022845 0.034247
0 0.758266 0.973843 0.021949 0.027752
0 0.773272 0.943729 0.021501 0.031294
0 0.775736 0.886160 0.019261 0.027161
0 0.371655 0.801429 0.022397 0.033656
0 0.749353 0.109235 0.024188 0.033066
0 0.804896 0.178909 0.022397 0.040151
0 0.955402 0.081483 0.020605 0.034247
0 0.922703 0.326523 0.025084 0.038970
0 0.791234 0.544698 0.022845 0.037199
0 0.665544 0.670170 0.021949 0.031885
0 0.653002 0.744450 0.025532 0.036608
0 0.711457 0.685876 0.022397 0.033066
0 0.721984 0.655172 0.021053 0.033066
0 0.748188 0.677610 0.025084 0.031885
0 0.804404 0.781530 0.024636 0.036608
0 0.583348 0.627126 0.021501 0.043103
0 0.831548 0.913616 0.023740 0.028932
0 0.894707 0.829180 0.026428 0.032475
0 0.842971 0.775744 0.023293 0.035427
0 0.895155 0.746221 0.019261 0.033066
0 0.826397 0.700697 0.024188 0.036018
0 0.840059 0.610061 0.018365 0.033066
0 0.930318 0.666982 0.027772 0.036608
0 0.880597 0.548359 0.023293 0.034837
0 0.930542 0.181743 0.019261 0.033066
0 0.391677 0.511160 0.022845 0.039561
0 0.361666 0.453177 0.021949 0.034837