0 0.374853 0.121271 0.029481 0.044856
0 0.310363 0.074054 0.028744 0.047217
0 0.322155 0.209803 0.028744 0.051939
0 0.320681 0.265873 0.028744 0.041315
0 0.527049 0.090580 0.022848 0.049578
0 0.508255 0.267880 0.030955 0.044856
0 0.450029 0.379430 0.026533 0.048397
0 0.359744 0.434320 0.034640 0.059021
0 0.444870 0.454977 0.032429 0.048397
0 0.230395 0.450256 0.032429 0.048397
0 0.235923 0.532295 0.033166 0.054300
0 0.227078 0.631569 0.028744 0.050758
0 0.301150 0.649866 0.035377 0.051939
0 0.376327 0.579040 0.032429 0.042495
0 0.412073 0.593205 0.033166 0.042495
0 0.384434 0.479294 0.029481 0.046037
0 0.516731 0.697673 0.028744 0.050758
0 0.611807 0.677015 0.028744 0.044856
0 0.596698 0.587303 0.029481 0.044856
0 0.542527 0.469379 0.028744 0.043676
0 0.207989 0.700624 0.029481 0.059021
0 0.167453 0.660490 0.036851 0.059021
0 0.147922 0.757284 0.031692 0.054300
0 0.524543 0.834012 0.031692 0.049578
0 0.473320 0.923724 0.044222 0.056660
0 0.446787 0.965039 0.041274 0.059021
0 0.491008 0.573020 0.029481 0.057841
0 0.540021 0.422280 0.025796 0.044856
0 0.446271 0.045724 0.028744 0.056660
0 0.600678 0.298925 0.029481 0.053119
0 0.674012 0.327255 0.030218 0.053119
0 0.677329 0.225148 0.029481 0.054300
0 0.623526 0.422870 0.026533 0.043676
0 0.615419 0.535600 0.029481 0.054300
0 0.629791 0.497827 0.031692 0.042495
0 0.677698 0.538552 0.028744 0.046037
0 0.733712 0.422280 0.028744 0.037774
0 0.748821 0.462414 0.022111 0.028330
0 0.788989 0.414017 0.024322 0.037774
0 0.839844 0.412836 0.024322 0.037774
0 0.858638 0.494286 0.026533 0.040134
0 0.737397 0.368570 0.028744 0.046037
0 0.748600 0.858801 0.027270 0.049578
0 0.671580 0.792697 0.030955 0.044856
0 0.631412 0.831651 0.031692 0.047217
0 0.663841 0.976253 0.030218 0.043676
0 0.842202 0.724823 0.022848 0.038954
0 0.834463 0.635110 0.022111 0.041315
0 0.780292 0.490508 0.025796 0.042495
0 0.864682 0.596747 0.025059 0.044856
0 0.815817 0.153733 0.022848 0.043676
0 0.913104 0.453561 0.019900 0.038954
0 0.940743 0.490154 0.028007 0.046037
0 0.962485 0.855968 0.028744 0.047217
0 0.877358 0.934348 0.029481 0.040134
0 0.786335 0.888902 0.027270 0.046037
0 0.917895 0.307778 0.023585 0.042495
0 0.905366 0.975663 0.020637 0.033052