0 0.162447 0.025685 0.036372 0.041096
0 0.263120 0.195634 0.033774 0.045377
0 0.159524 0.245291 0.037022 0.047089
0 0.131271 0.246575 0.027279 0.041096
0 0.262795 0.379709 0.033125 0.036815
0 0.285853 0.322346 0.033774 0.036815
0 0.110811 0.324058 0.027929 0.047089
0 0.204015 0.393836 0.029877 0.039384
0 0.134843 0.322346 0.026630 0.038527
0 0.066320 0.356164 0.035073 0.044521
0 0.379381 0.398545 0.025980 0.038527
0 0.368989 0.198202 0.035073 0.038527
0 0.412246 0.040668 0.028578 0.040240
0 0.332357 0.019264 0.025980 0.038527
0 0.506424 0.240582 0.031176 0.039384
0 0.475573 0.324486 0.027929 0.041096
0 0.484666 0.419949 0.026630 0.033390
0 0.535652 0.404538 0.025980 0.036815
0 0.599303 0.382705 0.028578 0.041096
0 0.581117 0.259846 0.028578 0.041952
0 0.631129 0.255993 0.024681 0.041096
0 0.664578 0.141267 0.027929 0.039384
0 0.700106 0.034675 0.029877 0.041952
0 0.713421 0.208048 0.024032 0.041096
0 0.708550 0.327055 0.022083 0.039384
0 0.702380 0.448202 0.029228 0.040240
0 0.795583 0.234589 0.024681 0.041096
0 0.729009 0.370291 0.027929 0.041952
2 0.626712 0.084760 0.102622 0.157534
0 0.757717 0.054366 0.034424 0.047089
0 0.886644 0.241438 0.028578 0.047945
0 0.934382 0.217038 0.022733 0.043664
0 0.863586 0.348373 0.027929 0.045377
0 0.827214 0.407021 0.024032 0.035959
0 0.893464 0.451541 0.025331 0.041096
0 0.945424 0.489212 0.029228 0.047945
0 0.798636 0.498630 0.024032 0.042808
0 0.891515 0.576712 0.029228 0.037671
0 0.713876 0.560445 0.025980 0.039384
0 0.609955 0.504366 0.031176 0.043664
0 0.609630 0.586130 0.030527 0.035959
0 0.565464 0.633219 0.031826 0.042808
0 0.737583 0.676884 0.021434 0.027397
0 0.595991 0.740582 0.024032 0.029110
0 0.576181 0.785531 0.023382 0.033390
0 0.708680 0.786387 0.027279 0.038527
0 0.760965 0.785531 0.027929 0.036815
0 0.943151 0.821918 0.025980 0.042808
0 0.891190 0.964897 0.025980 0.041096
0 0.809028 0.918664 0.027929 0.039384
0 0.855792 0.934932 0.022733 0.039384
0 0.709524 0.884846 0.022733 0.036815
0 0.727710 0.928938 0.022733 0.037671
0 0.648471 0.913955 0.026630 0.038527
0 0.499345 0.891695 0.027929 0.035103
0 0.418157 0.929795 0.031826 0.041096
0 0.429198 0.834760 0.033125 0.034247
0 0.267147 0.686644 0.029877 0.039384
0 0.228696 0.545805 0.033774 0.041952
0 0.224475 0.476027 0.033125 0.042808
0 0.121203 0.501712 0.037022 0.039384
0 0.122178 0.571918 0.035073 0.041096
0 0.432705 0.575856 0.030527 0.030822
0 0.342424 0.484247 0.030527 0.039384
0 0.365157 0.575856 0.025331 0.034247
0 0.433355 0.455993 0.027929 0.041096
0 0.348725 0.134418 0.022083 0.037671
0 0.852870 0.798373 0.019485 0.036815
0 0.787270 0.954195 0.025980 0.040240
0 0.639832 0.441010 0.023382 0.041952
0 0.762524 0.296661 0.031826 0.041952