0 0.496986 0.030780 0.028826 0.035675
0 0.402974 0.182399 0.029481 0.053513
0 0.465867 0.192367 0.032102 0.046168
0 0.579534 0.141478 0.026205 0.051414
0 0.608360 0.135707 0.023585 0.044069
0 0.647013 0.175579 0.027516 0.046168
0 0.614583 0.053864 0.030791 0.048266
0 0.684028 0.070128 0.026861 0.047217
0 0.741352 0.067505 0.027516 0.048266
0 0.470126 0.149347 0.027516 0.050365
0 0.529416 0.156692 0.033412 0.048266
0 0.319444 0.146724 0.027516 0.049316
0 0.298153 0.244831 0.029481 0.050365
0 0.398716 0.294146 0.027516 0.039872
0 0.306997 0.412189 0.030136 0.051414
0 0.358097 0.407782 0.037998 0.059808
0 0.509106 0.437686 0.029481 0.050365
0 0.475694 0.480181 0.033412 0.049316
0 0.493056 0.382075 0.026205 0.044069
0 0.502227 0.326464 0.028826 0.041971
0 0.616876 0.352171 0.032757 0.049316
0 0.644064 0.506413 0.026861 0.043020
0 0.599515 0.529497 0.029481 0.038823
0 0.573637 0.573566 0.028826 0.043020
0 0.455385 0.612914 0.024240 0.046168
0 0.303721 0.520054 0.030136 0.053513
0 0.331564 0.515332 0.034722 0.050365
0 0.232442 0.480601 0.031447 0.053513
0 0.272078 0.610815 0.028171 0.052463
0 0.199686 0.723926 0.032757 0.056660
0 0.324817 0.805769 0.034067 0.062956
0 0.328092 0.895481 0.037998 0.053513
0 0.367073 0.939026 0.029481 0.058759
0 0.325799 0.945846 0.028171 0.053513
0 0.249476 0.843543 0.030136 0.039872
0 0.506944 0.937452 0.035377 0.051414
0 0.513496 0.866102 0.037998 0.055611
0 0.519064 0.812065 0.034722 0.050365
0 0.484342 0.689825 0.033412 0.053513
0 0.386203 0.837772 0.034722 0.051414
0 0.618121 0.856659 0.025550 0.047217
0 0.677411 0.903876 0.028826 0.040921
0 0.722615 0.896531 0.028826 0.049316
0 0.703944 0.739141 0.026861 0.045118
0 0.727201 0.708712 0.032757 0.051414
0 0.738666 0.660446 0.026861 0.045118
0 0.755045 0.624246 0.030791 0.046168
0 0.802214 0.683529 0.025550 0.040921
0 0.839885 0.712384 0.022275 0.041971
0 0.834644 0.792653 0.027516 0.043020
0 0.835626 0.860331 0.030791 0.039872
0 0.776336 0.911220 0.022275 0.038823
0 0.804180 0.903876 0.024240 0.045118
0 0.685600 0.957913 0.037343 0.044069
0 0.749476 0.409776 0.031447 0.044069
0 0.781250 0.241368 0.028171 0.040921
0 0.682324 0.370953 0.030791 0.046168
0 0.716392 0.504210 0.026861 0.035675
0 0.808438 0.398758 0.032757 0.040921
0 0.769785 0.363608 0.027516 0.041971
0 0.712788 0.196250 0.027516 0.045118
2 0.720322 0.337376 0.089754 0.178375
0 0.798284 0.142737 0.032102 0.034626
0 0.851022 0.253959 0.027516 0.032527
0 0.851677 0.152705 0.024895 0.044069
0 0.866418 0.099192 0.024240 0.037774
0 0.894261 0.086077 0.023585 0.034626
0 0.836609 0.082929 0.024895 0.038823
0 0.872642 0.368330 0.026205 0.038823
0 0.798611 0.558876 0.026205 0.040921
0 0.863797 0.620259 0.025550 0.041971
0 0.863470 0.559401 0.024895 0.044069
0 0.941431 0.871348 0.028826 0.040921
0 0.947982 0.784259 0.028826 0.043020
0 0.944051 0.737042 0.027516 0.043020
0 0.941103 0.637047 0.024240 0.048266
0 0.943069 0.584584 0.030791 0.054562
0 0.918501 0.275155 0.028826 0.045118
0 0.979101 0.316601 0.026861 0.044069
0 0.913915 0.056382 0.023585 0.037774
0 0.863797 0.451956 0.025550 0.035675
0 0.900485 0.616691 0.025550 0.037774
0 0.477594 0.642083 0.028826 0.046168
0 0.662146 0.482481 0.025059 0.037774
0 0.379626 0.222625 0.035377 0.053755
2 0.721789 0.585978 0.106132 0.145283