0 0.398388 0.152915 0.032102 0.044069
0 0.351546 0.061629 0.031447 0.050365
0 0.393147 0.061104 0.028171 0.038823
0 0.342374 0.398968 0.028826 0.051414
0 0.249017 0.371163 0.030791 0.044069
0 0.475367 0.393197 0.022275 0.044069
0 0.511727 0.394246 0.024240 0.041971
0 0.554966 0.366965 0.021619 0.037774
0 0.535639 0.326569 0.027516 0.043020
0 0.452765 0.185967 0.032102 0.049316
0 0.571017 0.053759 0.026205 0.045118
0 0.575603 0.148193 0.024895 0.047217
0 0.289963 0.394981 0.030136 0.061907
0 0.388889 0.611655 0.032757 0.052463
0 0.325668 0.595391 0.032102 0.047217
0 0.373493 0.754880 0.030791 0.051414
0 0.455385 0.577553 0.029481 0.051414
0 0.438352 0.374835 0.030791 0.045118
0 0.237946 0.506623 0.037998 0.045118
0 0.337526 0.327198 0.032757 0.051414
0 0.506879 0.869774 0.025550 0.037774
0 0.431866 0.824656 0.030136 0.052463
0 0.555687 0.951617 0.028826 0.050365
0 0.496331 0.568845 0.031447 0.048266
0 0.528105 0.705249 0.028171 0.050365
0 0.586740 0.670099 0.024895 0.040921
0 0.619824 0.629702 0.029481 0.037774
0 0.576585 0.885199 0.026861 0.038823
0 0.630307 0.770304 0.029481 0.044069
0 0.674856 0.866312 0.026861 0.043020
0 0.651271 0.887297 0.029481 0.045118
0 0.726874 0.800523 0.020309 0.033577
0 0.725236 0.871348 0.026205 0.034626
0 0.807128 0.897580 0.024895 0.036724
0 0.822851 0.866627 0.023585 0.039872
0 0.879520 0.968930 0.026861 0.040921
0 0.740632 0.727599 0.025550 0.038823
0 0.777647 0.721303 0.026205 0.032527
0 0.841195 0.774291 0.026205 0.039872
0 0.856918 0.744912 0.027516 0.044069
0 0.898847 0.738616 0.027516 0.037774
0 0.967636 0.840395 0.023585 0.039872
0 0.820558 0.645231 0.022930 0.033577
0 0.845781 0.609556 0.024895 0.037774
0 0.615501 0.962110 0.026861 0.037774
0 0.616156 0.516906 0.028171 0.036724
0 0.609277 0.456573 0.027516 0.041971
0 0.648912 0.445031 0.024240 0.035675
0 0.679376 0.442932 0.024895 0.035675
0 0.687566 0.398863 0.022930 0.035675
0 0.577503 0.251756 0.030791 0.044069
0 0.630241 0.283549 0.023585 0.040921
0 0.612880 0.231610 0.028171 0.044069
0 0.490042 0.032774 0.027516 0.038823
0 0.504782 0.333389 0.025550 0.046168
0 0.650550 0.130880 0.024895 0.041971
0 0.681342 0.063727 0.027516 0.048266
0 0.754389 0.334438 0.025550 0.039872
0 0.781578 0.366965 0.023585 0.037774
0 0.757338 0.096255 0.027516 0.041971
0 0.671515 0.532120 0.027516 0.037774
0 0.655464 0.539990 0.026861 0.034626
0 0.730477 0.549958 0.023585 0.035675
0 0.797956 0.456573 0.027516 0.041971
0 0.716064 0.452900 0.028826 0.040921
0 0.912605 0.844592 0.023585 0.035675
0 0.794680 0.662544 0.024895 0.034626
0 0.904088 0.600637 0.024895 0.045118
0 0.894261 0.481965 0.023585 0.033577
0 0.888692 0.513443 0.024240 0.033577
0 0.869366 0.532855 0.023585 0.038823
0 0.841850 0.552266 0.023585 0.033577
0 0.890985 0.641978 0.022275 0.034626
0 0.972877 0.636732 0.023585 0.040921
0 0.949948 0.482385 0.026205 0.046168
0 0.891640 0.230036 0.026205 0.043020
0 0.970584 0.085762 0.020309 0.046168
0 0.930949 0.066875 0.023585 0.041971
0 0.811059 0.134028 0.024895 0.037774
0 0.869366 0.401067 0.022275 0.036724
0 0.966326 0.225839 0.026205 0.040921
0 0.910967 0.065301 0.024240 0.040921
0 0.784198 0.232659 0.023585 0.041971