0 0.322642 0.209310 0.028302 0.049106
0 0.371777 0.029423 0.036950 0.058845
0 0.258962 0.255897 0.031447 0.051624
0 0.274292 0.418198 0.033805 0.057920
0 0.300236 0.505077 0.032233 0.050365
0 0.304167 0.603289 0.038522 0.065474
0 0.375314 0.561108 0.026730 0.046587
0 0.350550 0.423235 0.029088 0.050365
0 0.339151 0.732978 0.031447 0.052883
0 0.274686 0.713462 0.036164 0.059179
0 0.249921 0.922602 0.033805 0.055401
0 0.288443 0.947784 0.036950 0.042810
0 0.374528 0.888606 0.034591 0.052883
0 0.476336 0.974855 0.033805 0.049106
0 0.518789 0.881680 0.030660 0.051624
0 0.551415 0.794172 0.031447 0.052883
0 0.538050 0.662593 0.026730 0.046587
0 0.515252 0.596490 0.029874 0.055401
0 0.433097 0.656927 0.029088 0.047847
0 0.393396 0.281583 0.028302 0.056660
0 0.470833 0.285990 0.027516 0.050365
0 0.437421 0.443380 0.031447 0.047847
0 0.521541 0.533408 0.034591 0.049106
0 0.505425 0.454713 0.030660 0.045328
0 0.596619 0.521446 0.027516 0.047847
0 0.464937 0.230085 0.028302 0.052883
0 0.508569 0.123060 0.032233 0.045328
0 0.549450 0.246454 0.025943 0.050365
0 0.621777 0.437211 0.027516 0.049106
0 0.659119 0.257786 0.026730 0.045328
0 0.617453 0.121171 0.031447 0.046587
0 0.690566 0.971708 0.034591 0.042810
0 0.672091 0.874126 0.027516 0.041551
0 0.642217 0.723661 0.030660 0.047847
0 0.358255 0.649624 0.025943 0.052883
0 0.723978 0.305633 0.027516 0.047847
0 0.736164 0.525979 0.025157 0.040292
0 0.722406 0.616636 0.032233 0.047847
0 0.834041 0.457986 0.029088 0.040292
0 0.878066 0.597749 0.029088 0.047847
0 0.943711 0.606563 0.033019 0.045328
0 0.876494 0.370477 0.027516 0.044069
0 0.905189 0.346554 0.022013 0.046587
0 0.891824 0.206162 0.023585 0.050365
0 0.962579 0.264082 0.028302 0.045328
0 0.841903 0.294930 0.033805 0.054142
0 0.683491 0.279191 0.025157 0.047847
0 0.776651 0.085287 0.022799 0.045328
0 0.773113 0.019812 0.026730 0.037774
0 0.780582 0.663727 0.025943 0.047847
0 0.820676 0.601400 0.032233 0.049106
0 0.862736 0.489968 0.031447 0.045328
0 0.931525 0.809281 0.030660 0.047847
0 0.843082 0.732475 0.029874 0.047847
0 0.906761 0.873496 0.025157 0.045328
0 0.769182 0.763953 0.029874 0.042810
0 0.742060 0.903715 0.032233 0.042810
0 0.773506 0.949673 0.027516 0.036515
0 0.908726 0.267859 0.022799 0.040292
0 0.576887 0.118486 0.025943 0.056660