0 0.140976 0.182772 0.025415 0.040947
0 0.217787 0.181284 0.029934 0.043925
0 0.136175 0.048764 0.029369 0.045414
0 0.278219 0.140337 0.028804 0.040947
0 0.338368 0.196918 0.032758 0.037969
0 0.383551 0.147781 0.027110 0.048392
0 0.319731 0.088594 0.032758 0.047647
0 0.392870 0.257222 0.026545 0.042436
0 0.197172 0.396218 0.027110 0.035736
0 0.225129 0.402546 0.027675 0.039458
0 0.208185 0.505211 0.028804 0.047647
0 0.017822 0.305167 0.035643 0.051370
0 0.182205 0.919967 0.027675 0.040947
0 0.190112 0.854824 0.033322 0.044669
0 0.335545 0.924062 0.030498 0.037225
0 0.290362 0.862269 0.023721 0.032758
0 0.354183 0.858175 0.031628 0.040947
0 0.284996 0.789309 0.034452 0.038714
0 0.476911 0.838446 0.024286 0.035736
0 0.382591 0.700715 0.029934 0.040203
0 0.343903 0.696620 0.028239 0.036480
0 0.321086 0.544446 0.024851 0.039458
0 0.382083 0.545563 0.025980 0.035736
0 0.418229 0.620756 0.024851 0.032758
0 0.391967 0.493448 0.027675 0.037225
0 0.335488 0.502010 0.027675 0.039458
0 0.279009 0.439845 0.024286 0.035736
0 0.453641 0.171233 0.024286 0.037225
0 0.469455 0.137731 0.024286 0.034247
0 0.446582 0.205852 0.023721 0.039458
0 0.517745 0.201385 0.027110 0.042436
0 0.508708 0.312388 0.018073 0.029780
0 0.481033 0.362641 0.025980 0.039458
0 0.440708 0.858919 0.029369 0.042436
0 0.486399 0.735334 0.027675 0.034991
0 0.608110 0.854824 0.030498 0.035736
0 0.658376 0.820578 0.020332 0.029780
0 0.633808 0.854824 0.025415 0.032758
0 0.771785 0.966498 0.029369 0.035736
0 0.826287 0.901727 0.020897 0.025313
0 0.949411 0.908800 0.022027 0.027546
0 0.776021 0.805316 0.022027 0.029035
0 0.569027 0.752829 0.020332 0.032758
0 0.563944 0.642421 0.021462 0.036480
0 0.621270 0.677784 0.029934 0.038714
0 0.686503 0.637954 0.024851 0.034991
0 0.824875 0.770846 0.025980 0.037225
0 0.883895 0.822216 0.023156 0.035736
0 0.860739 0.638326 0.019768 0.034247
0 0.720107 0.620682 0.024286 0.030524
0 0.544628 0.487567 0.029369 0.033502
0 0.571738 0.457043 0.023721 0.034991
0 0.489279 0.622915 0.027110 0.036480
0 0.533050 0.611748 0.029934 0.032013
0 0.750211 0.891304 0.023721 0.028291
0 0.538981 0.699300 0.022591 0.033502
0 0.739762 0.629392 0.023156 0.029780
0 0.769696 0.598868 0.022027 0.028291
0 0.641207 0.373139 0.021462 0.037225
0 0.651373 0.411480 0.024851 0.033502
0 0.658433 0.305390 0.023156 0.034247
0 0.588682 0.265783 0.020332 0.032758
0 0.584728 0.058443 0.023721 0.036480
0 0.594894 0.091945 0.023721 0.037969
0 0.667752 0.029035 0.023721 0.035736
0 0.693450 0.043925 0.024286 0.035736
0 0.713217 0.107579 0.023156 0.039458
0 0.670011 0.081522 0.022591 0.033502
0 0.650808 0.110185 0.022591 0.037225
0 0.745410 0.323481 0.024286 0.040947
0 0.794829 0.343582 0.025980 0.039458
0 0.872487 0.315664 0.024286 0.040203
0 0.829563 0.219997 0.022027 0.043925
0 0.956075 0.105345 0.025415 0.033502
0 0.896773 0.231537 0.020897 0.035736
0 0.852437 0.150015 0.020332 0.037969
0 0.912869 0.124702 0.024851 0.037969
0 0.782968 0.456149 0.027110 0.036480
0 0.857237 0.456149 0.018638 0.032013
0 0.693167 0.727889 0.030498 0.042436
0 0.749081 0.695503 0.022591 0.031269
0 0.973866 0.817972 0.021462 0.034991
0 0.969065 0.732728 0.023156 0.032758
0 0.971324 0.692525 0.025415 0.035736
0 0.898749 0.683517 0.023721 0.039458
0 0.979231 0.372245 0.023156 0.041691
0 0.605060 0.210691 0.027110 0.041691
0 0.916258 0.352144 0.021462 0.038714
0 0.779297 0.188728 0.028804 0.037969
0 0.699380 0.487939 0.025980 0.037225
0 0.792569 0.577278 0.024851 0.040203
0 0.836340 0.712329 0.028804 0.032758
0 0.017570 0.100134 0.031628 0.040947
0 0.322780 0.382668 0.032758 0.040203
0 0.260936 0.315292 0.026545 0.033502
0 0.890560 0.147707 0.023156 0.037225
0 0.695709 0.309485 0.027675 0.037969
0 0.627087 0.121724 0.021462 0.040947