0 0.052537 0.102055 0.036372 0.045205
0 0.187114 0.243151 0.031176 0.043836
0 0.214653 0.189384 0.027019 0.041781
0 0.119306 0.333767 0.028578 0.039041
0 0.056174 0.398151 0.025980 0.040411
0 0.283500 0.234110 0.024421 0.041096
0 0.302206 0.205342 0.031696 0.043836
0 0.124761 0.117808 0.025980 0.039726
0 0.231020 0.305822 0.027539 0.037671
0 0.357024 0.289041 0.028059 0.042466
0 0.058772 0.601438 0.031176 0.044521
0 0.085531 0.569932 0.031696 0.045890
0 0.169188 0.612740 0.031696 0.038356
0 0.271809 0.581575 0.024941 0.039041
0 0.333122 0.438082 0.025980 0.045205
0 0.376249 0.483288 0.023902 0.039726
0 0.385862 0.403493 0.028578 0.039041
0 0.253363 0.697192 0.028578 0.044521
0 0.173085 0.895890 0.027019 0.036986
0 0.285319 0.956164 0.022863 0.039726
0 0.309221 0.927397 0.022863 0.042466
0 0.349750 0.793836 0.025980 0.043836
0 0.362220 0.735274 0.027019 0.034932
0 0.403529 0.761644 0.021304 0.031507
0 0.365857 0.671233 0.025980 0.036986
0 0.523037 0.850342 0.028578 0.043151
0 0.319613 0.870548 0.031176 0.039726
0 0.429249 0.054452 0.023902 0.043151
0 0.459386 0.082534 0.025980 0.041781
0 0.463283 0.255137 0.021304 0.036301
0 0.568243 0.218493 0.033774 0.043836
0 0.615007 0.575479 0.024421 0.038356
0 0.639169 0.401849 0.027019 0.039041
0 0.562008 0.361301 0.028578 0.039041
0 0.615527 0.286986 0.031696 0.046575
0 0.695026 0.306507 0.030657 0.037671
0 0.647742 0.329110 0.032735 0.043151
0 0.567463 0.257877 0.027019 0.041781
0 0.574218 0.731849 0.025980 0.036301
0 0.568243 0.814726 0.023382 0.036301
0 0.476793 0.894178 0.025461 0.037671
0 0.617605 0.843836 0.023382 0.036986
0 0.643066 0.786986 0.026500 0.035616
0 0.671384 0.711986 0.027019 0.037671
0 0.716590 0.586986 0.027019 0.043836
0 0.510047 0.527397 0.025461 0.031507
0 0.777747 0.792466 0.026500 0.036986
0 0.825031 0.852397 0.027539 0.036301
0 0.641351 0.880479 0.024941 0.030822
0 0.863793 0.850342 0.020265 0.034932
0 0.844568 0.960959 0.022343 0.032877
0 0.887435 0.982877 0.027019 0.032877
0 0.944591 0.942466 0.023902 0.035616
0 0.917572 0.912534 0.019745 0.034932
0 0.748961 0.479795 0.024421 0.034932
0 0.787671 0.352192 0.025980 0.038356
0 0.708432 0.226712 0.025461 0.038356
0 0.659069 0.175685 0.022343 0.036301
0 0.691545 0.087329 0.025980 0.032192
0 0.881719 0.111849 0.025980 0.033562
0 0.957581 0.235616 0.023902 0.035616
0 0.891592 0.288356 0.024941 0.036986
0 0.809235 0.268836 0.024421 0.036301
0 0.799103 0.174658 0.022863 0.032877
0 0.974209 0.146575 0.025980 0.042466
0 0.817289 0.319384 0.027019 0.036301
0 0.694143 0.432397 0.028059 0.040411
0 0.631271 0.427808 0.025980 0.032877
0 0.789230 0.659932 0.023902 0.040411
0 0.954464 0.627397 0.028059 0.042466
0 0.850283 0.562260 0.025461 0.040411
0 0.897827 0.559521 0.021823 0.037671
0 0.917832 0.565685 0.019225 0.033562
0 0.816249 0.548904 0.023902 0.036986
0 0.867430 0.437055 0.023382 0.041781
0 0.911077 0.436370 0.019225 0.037671
0 0.738569 0.814041 0.026500 0.041781
0 0.465361 0.520411 0.026500 0.034247
0 0.581233 0.441644 0.029617 0.035616
0 0.573439 0.536164 0.030657 0.041096
0 0.439381 0.363699 0.028578 0.036986
0 0.501474 0.298630 0.033255 0.035616
0 0.200104 0.692808 0.031176 0.043151