0 0.180732 0.223138 0.030040 0.039598
0 0.227415 0.106485 0.029228 0.043878
0 0.327276 0.214041 0.027604 0.042808
0 0.409682 0.155180 0.021921 0.036387
0 0.479098 0.017123 0.025980 0.034246
0 0.526187 0.071704 0.024356 0.042808
0 0.601286 0.036387 0.023545 0.032106
0 0.638632 0.018729 0.023545 0.037457
0 0.635791 0.082941 0.025980 0.033176
0 0.288014 0.402397 0.031547 0.043216
0 0.309046 0.725946 0.024124 0.035062
0 0.344614 0.696184 0.027217 0.037508
0 0.381419 0.559198 0.024124 0.037508
0 0.345542 0.528213 0.020413 0.034247
0 0.289251 0.592221 0.025362 0.038324
0 0.221827 0.810584 0.024124 0.036693
0 0.327294 0.925147 0.022269 0.029354
0 0.457813 0.906800 0.023506 0.038324
0 0.418843 0.884785 0.023506 0.036693
0 0.434307 0.604860 0.021032 0.037508
0 0.488433 0.658268 0.022887 0.038324
0 0.444514 0.523728 0.025362 0.039954
0 0.518248 0.705806 0.026599 0.037508
0 0.566188 0.976109 0.018557 0.031800
0 0.660830 0.932485 0.022269 0.030985
0 0.634540 0.818738 0.030310 0.035062
0 0.615674 0.688682 0.018557 0.032616
0 0.691758 0.960616 0.019794 0.028539
0 0.783307 0.846869 0.019794 0.029354
0 0.712481 0.762068 0.017939 0.029354
0 0.744337 0.853392 0.019794 0.030985
0 0.989389 0.720483 0.021222 0.030985
0 0.779905 0.587329 0.022887 0.039954
0 0.826608 0.615052 0.022269 0.033431
0 0.801246 0.636660 0.025980 0.029354
0 0.752069 0.598337 0.026599 0.037508
0 0.879496 0.438275 0.024124 0.035062
0 0.642272 0.518591 0.024743 0.029354
0 0.601446 0.359589 0.022269 0.042401
0 0.552888 0.380789 0.025362 0.037508
0 0.546702 0.217303 0.026599 0.030170
0 0.472164 0.245026 0.021032 0.036693
0 0.498763 0.218118 0.023506 0.031800
0 0.558455 0.096624 0.024124 0.033431
0 0.877331 0.076239 0.027217 0.036693
0 0.989079 0.322652 0.021841 0.038324
0 0.834649 0.363421 0.023506 0.036693
0 0.521341 0.475130 0.021650 0.028539
0 0.522949 0.596543 0.020413 0.027723
0 0.807803 0.718444 0.023506 0.033431
0 0.565322 0.792645 0.018557 0.028539
0 0.409564 0.391960 0.028454 0.041585
0 0.481938 0.464938 0.024743 0.035877
0 0.494309 0.530985 0.024743 0.032616