0 0.500516 0.185014 0.021374 0.035413
0 0.426813 0.254659 0.028744 0.044856
0 0.465876 0.319583 0.030218 0.037774
0 0.434552 0.363258 0.033903 0.047217
0 0.373010 0.301286 0.031692 0.055480
0 0.330631 0.339060 0.032429 0.055480
0 0.312942 0.223968 0.032429 0.051939
0 0.286409 0.267054 0.035377 0.062563
0 0.318838 0.110057 0.035377 0.046037
0 0.456294 0.188555 0.027270 0.047217
0 0.559110 0.087629 0.026533 0.050758
0 0.605542 0.275907 0.030955 0.042495
0 0.628390 0.253479 0.028007 0.051939
0 0.648659 0.214525 0.025796 0.037774
0 0.540684 0.458283 0.028007 0.050758
0 0.505307 0.383326 0.022111 0.049578
0 0.269458 0.476697 0.029481 0.053119
0 0.249926 0.632513 0.030218 0.053119
0 0.213812 0.605364 0.028744 0.043676
0 0.376327 0.758465 0.032429 0.054300
0 0.392541 0.792107 0.029481 0.053119
0 0.429393 0.929036 0.035377 0.050758
0 0.424971 0.966810 0.035377 0.043676
0 0.363429 0.881229 0.040537 0.054300
0 0.062795 0.867418 0.030955 0.053119
0 0.118809 0.920537 0.033903 0.064923
0 0.175192 0.877452 0.030218 0.061382
0 0.191775 0.721045 0.033903 0.060202
0 0.152712 0.908143 0.033903 0.066104
0 0.474425 0.842039 0.033166 0.047217
0 0.492114 0.806626 0.031692 0.051939
0 0.520489 0.980631 0.035377 0.038738
0 0.568396 0.762006 0.029481 0.040134
0 0.568396 0.632159 0.028007 0.044856
0 0.649248 0.654587 0.028744 0.033052
0 0.677624 0.669343 0.029481 0.041315
0 0.704525 0.795648 0.031692 0.041315
0 0.748747 0.790927 0.031692 0.043676
0 0.649248 0.858801 0.034640 0.047217
0 0.581810 0.842865 0.029481 0.041315
0 0.651828 0.963859 0.038325 0.049578
0 0.706736 0.956186 0.030218 0.043676
0 0.831294 0.894804 0.031692 0.041315
0 0.850825 0.837553 0.023585 0.037774
0 0.798128 0.791517 0.027270 0.033052
0 0.790758 0.706526 0.030218 0.042495
0 0.681309 0.445298 0.030955 0.050758
0 0.704157 0.541503 0.030955 0.042495
0 0.775280 0.620591 0.027270 0.037774
0 0.830926 0.526157 0.028007 0.042495
0 0.804393 0.486023 0.026533 0.037774
0 0.844929 0.429952 0.028007 0.038954
0 0.837927 0.478350 0.033166 0.041315
0 0.803287 0.323124 0.030218 0.042495
0 0.808815 0.294794 0.028007 0.037774
0 0.828346 0.197999 0.025796 0.042495
0 0.834979 0.118910 0.028744 0.035413
0 0.929319 0.053987 0.025796 0.042495
0 0.932636 0.209213 0.025059 0.043676
0 0.911262 0.318284 0.025059 0.041315
0 0.926739 0.429244 0.030955 0.046037
0 0.965065 0.558501 0.029481 0.054300
0 0.878096 0.665329 0.032429 0.050758
0 0.934110 0.743001 0.033903 0.050758
0 0.914578 0.799071 0.024322 0.035413
0 0.904260 0.965511 0.027270 0.042495
0 0.829820 0.954888 0.027270 0.044856
0 0.686837 0.903539 0.028744 0.034232
0 0.691627 0.598045 0.028007 0.036593
0 0.642246 0.392533 0.026533 0.042495
0 0.564858 0.298099 0.028007 0.042495
0 0.796060 0.602195 0.022198 0.034441
0 0.248467 0.513221 0.034198 0.060438