0 0.184403 0.155740 0.028454 0.044031
0 0.223992 0.040362 0.027217 0.041585
0 0.202342 0.051370 0.024743 0.039139
0 0.095947 0.041585 0.029692 0.039139
0 0.136463 0.111709 0.031547 0.044031
0 0.104297 0.278457 0.031547 0.043216
0 0.212548 0.419113 0.025362 0.040770
0 0.301314 0.406474 0.027217 0.039954
0 0.300076 0.286204 0.032166 0.042401
0 0.319562 0.247880 0.026599 0.037508
0 0.360697 0.410144 0.024743 0.032616
0 0.321727 0.044847 0.024743 0.037508
0 0.422554 0.053001 0.024743 0.039139
0 0.330696 0.162264 0.026599 0.039139
0 0.397811 0.337573 0.024743 0.042401
0 0.431833 0.390982 0.023506 0.041585
0 0.482247 0.145956 0.024124 0.037508
0 0.279045 0.574201 0.023506 0.029354
0 0.309664 0.491846 0.024124 0.035877
0 0.366573 0.615378 0.022887 0.033431
0 0.342758 0.612117 0.023506 0.033431
0 0.292654 0.635763 0.024743 0.031800
0 0.321417 0.623125 0.024124 0.029354
0 0.246879 0.672048 0.024743 0.032616
0 0.192444 0.645548 0.025980 0.031800
0 0.098112 0.858692 0.029073 0.036693
0 0.069657 0.961024 0.029073 0.035877
0 0.172650 0.916585 0.024743 0.031800
0 0.124401 0.858692 0.023506 0.039954
0 0.225847 0.982958 0.024743 0.034084
0 0.431833 0.972847 0.022269 0.033431
0 0.447916 0.925147 0.025980 0.035877
0 0.390079 0.816699 0.025362 0.032616
0 0.324510 0.849723 0.022887 0.030170
0 0.257086 0.793461 0.025362 0.031800
0 0.417544 0.812622 0.024124 0.032616
0 0.484350 0.827707 0.026599 0.033431
0 0.532908 0.719260 0.024743 0.030170
0 0.485896 0.718852 0.024743 0.029354
0 0.610849 0.856654 0.027217 0.035877
0 0.772915 0.726598 0.024743 0.033431
0 0.780029 0.810584 0.029073 0.036693
0 0.719718 0.678490 0.021032 0.028539
0 0.720955 0.710290 0.019794 0.028539
0 0.694742 0.902458 0.019485 0.023850
0 0.659251 0.734161 0.023661 0.029966
0 0.613786 0.711534 0.023661 0.031189
0 0.620281 0.767184 0.022733 0.031189
0 0.602187 0.543297 0.023661 0.029354
0 0.732552 0.551859 0.023661 0.030577
0 0.564841 0.430223 0.022269 0.032412
0 0.524015 0.398116 0.020413 0.033023
0 0.414991 0.485262 0.025052 0.028743
0 0.434012 0.475477 0.022269 0.032412
0 0.540484 0.560421 0.023661 0.028131
0 0.638374 0.358611 0.021805 0.035470
0 0.618193 0.442392 0.027836 0.037916
0 0.597316 0.219912 0.023197 0.037916
0 0.600517 0.116805 0.027372 0.034247
0 0.569666 0.045254 0.023197 0.035470
0 0.646910 0.183770 0.021805 0.042197
0 0.773007 0.096930 0.019949 0.034858
0 0.812673 0.092649 0.017629 0.029966
0 0.859530 0.129648 0.024124 0.037916
0 0.848396 0.187439 0.022269 0.034858
0 0.730093 0.286204 0.017629 0.034247
0 0.751434 0.236974 0.023197 0.032412
0 0.709680 0.130259 0.023197 0.036693
0 0.764888 0.352189 0.022269 0.033635
0 0.906387 0.333537 0.021341 0.034247
0 0.831462 0.271465 0.021805 0.033635
0 0.804554 0.463858 0.024588 0.033635
0 0.839813 0.697285 0.020877 0.031800
0 0.898268 0.867906 0.021805 0.029354
0 0.782749 0.881360 0.023661 0.029354
0 0.849092 0.945878 0.023661 0.031189
0 0.880360 0.691781 0.020877 0.034247
0 0.900773 0.620475 0.020877 0.033023
0 0.927913 0.551981 0.021341 0.031800
0 0.827936 0.623716 0.019949 0.029966
0 0.797920 0.276786 0.018557 0.033023
0 0.593233 0.931507 0.025980 0.026908
0 0.731949 0.417625 0.022269 0.033635
0 0.910516 0.297395 0.023661 0.031189
0 0.558763 0.584699 0.025516 0.031189
0 0.665699 0.427165 0.019485 0.031189
0 0.666349 0.590020 0.022269 0.033023
0 0.787899 0.962390 0.022269 0.025073
0 0.940208 0.791157 0.022733 0.020181
0 0.751527 0.505443 0.025980 0.029966
0 0.364747 0.313417 0.026444 0.032412
0 0.498962 0.693982 0.022269 0.028131
0 0.398846 0.552287 0.022269 0.031189
0 0.457533 0.541402 0.027372 0.039750