0 0.321082 0.155538 0.029481 0.049316
0 0.402647 0.139799 0.028826 0.049316
0 0.422956 0.114092 0.026205 0.044069
0 0.294877 0.221117 0.032102 0.056660
0 0.335823 0.322896 0.030136 0.050365
0 0.381682 0.336012 0.034067 0.047217
0 0.455385 0.354899 0.030791 0.053513
0 0.459316 0.392148 0.033412 0.046168
0 0.483884 0.272007 0.028826 0.043020
0 0.549725 0.224790 0.029481 0.051414
0 0.554638 0.285123 0.031447 0.050365
0 0.526468 0.104124 0.024895 0.051414
0 0.577568 0.070023 0.032757 0.054562
0 0.682062 0.125109 0.026861 0.043020
0 0.641444 0.027528 0.026861 0.038823
0 0.671253 0.050087 0.026205 0.041971
0 0.710233 0.226364 0.029481 0.044069
0 0.661098 0.332340 0.032102 0.041971
0 0.723664 0.323946 0.031447 0.044069
0 0.625393 0.410510 0.026205 0.047217
0 0.591981 0.401067 0.032757 0.043020
0 0.247052 0.275994 0.029481 0.047217
0 0.396423 0.585633 0.030791 0.048266
0 0.365959 0.698429 0.028826 0.049316
0 0.297825 0.585108 0.028826 0.045118
0 0.330909 0.700318 0.032102 0.051414
0 0.471764 0.658347 0.033412 0.049316
0 0.452765 0.591194 0.030791 0.045118
0 0.484211 0.618475 0.028171 0.047217
0 0.552673 0.692448 0.031447 0.046168
0 0.602463 0.732320 0.030136 0.044069
0 0.576585 0.769045 0.036032 0.046168
0 0.595584 0.808917 0.029481 0.037774
0 0.567086 0.813639 0.032757 0.047217
0 0.536295 0.831476 0.034067 0.049316
0 0.371528 0.773242 0.036032 0.054562
0 0.358097 0.888661 0.034067 0.048266
0 0.566431 0.902302 0.026205 0.046168
0 0.644064 0.919615 0.032102 0.043020
0 0.723336 0.890760 0.028171 0.037774
0 0.720388 0.842493 0.030136 0.033577
0 0.689924 0.765372 0.026861 0.051414
0 0.637513 0.680382 0.032102 0.034626
0 0.580844 0.548699 0.023585 0.044069
0 0.602791 0.536107 0.022930 0.041971
0 0.200275 0.561290 0.028171 0.048266
0 0.286295 0.429082 0.034067 0.054562
0 0.409460 0.903351 0.028826 0.046168
0 0.850039 0.805769 0.029481 0.039872
0 0.788456 0.871348 0.032102 0.043020
0 0.883124 0.955290 0.030136 0.043020
0 0.952241 0.818885 0.028171 0.047217
0 0.912277 0.700318 0.029481 0.045118
0 0.971895 0.742813 0.026861 0.041971
0 0.831368 0.713434 0.028826 0.048266
0 0.887055 0.719205 0.027516 0.045118
0 0.903105 0.617426 0.029481 0.036724
0 0.892951 0.477348 0.026205 0.041971
0 0.772733 0.473151 0.026861 0.041971
0 0.752424 0.515122 0.029481 0.048266
0 0.777319 0.590145 0.032102 0.043020
0 0.854298 0.375360 0.030136 0.048266
0 0.835954 0.295091 0.027516 0.038823
0 0.741614 0.084188 0.030136 0.051414
0 0.907691 0.148718 0.025550 0.041971
0 0.926035 0.246824 0.022930 0.040921
0 0.932586 0.134028 0.028171 0.044069
0 0.956171 0.353745 0.029481 0.041971
0 0.878210 0.381026 0.018999 0.037774
0 0.927345 0.574091 0.029481 0.041971
0 0.803525 0.820983 0.025550 0.036724
0 0.938483 0.942174 0.028171 0.044069
0 0.662998 0.976275 0.028826 0.036724
0 0.776992 0.763274 0.023585 0.032527
0 0.222157 0.459826 0.028171 0.047217
0 0.728905 0.657193 0.030136 0.044069
0 0.548939 0.042217 0.022930 0.040921
0 0.664898 0.408936 0.030791 0.037774