0 0.235940 0.161066 0.031663 0.046019
0 0.272880 0.099529 0.029228 0.047089
0 0.342296 0.158926 0.031663 0.048159
0 0.453118 0.125214 0.024356 0.042808
0 0.443375 0.295912 0.027604 0.041738
0 0.411306 0.269157 0.030040 0.041738
0 0.313474 0.315711 0.027604 0.051370
0 0.051237 0.301798 0.034099 0.051370
0 0.043118 0.519264 0.029228 0.053510
0 0.177484 0.527290 0.026792 0.043878
0 0.248524 0.425621 0.030851 0.050300
0 0.165712 0.314319 0.034099 0.050300
0 0.095079 0.483091 0.035723 0.049229
0 0.145821 0.707513 0.030040 0.046019
0 0.039465 0.685039 0.030040 0.050300
0 0.079247 0.917808 0.031663 0.051370
0 0.181138 0.960081 0.025980 0.039598
0 0.291959 0.963827 0.028416 0.036387
0 0.393444 0.905501 0.023545 0.046019
0 0.339454 0.782427 0.025980 0.035317
0 0.352445 0.767444 0.025980 0.043878
0 0.439316 0.781357 0.029228 0.048159
0 0.259890 0.667915 0.029228 0.043878
0 0.300890 0.572132 0.031663 0.047089
0 0.475038 0.635381 0.035723 0.043878
0 0.442969 0.417594 0.028416 0.040668
0 0.406840 0.534247 0.032475 0.047089
0 0.373147 0.519799 0.030040 0.048159
0 0.514415 0.082406 0.028416 0.047089
0 0.564751 0.261130 0.030040 0.044949
0 0.191286 0.071704 0.030040 0.040668
0 0.220108 0.582834 0.029228 0.047089
0 0.184791 0.627783 0.026792 0.040668
0 0.544860 0.594071 0.027604 0.043878
0 0.557850 0.432470 0.024356 0.043878
0 0.639038 0.522367 0.029228 0.046019
0 0.623206 0.595676 0.028416 0.042808
0 0.687345 0.419092 0.028416 0.049229
0 0.668266 0.514876 0.025980 0.048159
0 0.672731 0.189426 0.021921 0.040668
0 0.731187 0.067958 0.025168 0.046019
0 0.846879 0.285745 0.025980 0.042808
0 0.779493 0.380458 0.029228 0.039598
0 0.719008 0.427012 0.023545 0.042808
0 0.697899 0.232770 0.028416 0.039598
0 0.672731 0.341931 0.025168 0.041738
0 0.869206 0.380458 0.025168 0.041738
0 0.775840 0.287350 0.030040 0.048159
0 0.606157 0.108626 0.030040 0.046019
0 0.909800 0.368151 0.030040 0.044949
0 0.931721 0.634418 0.026792 0.042808
0 0.845256 0.636558 0.029228 0.038527
0 0.726721 0.641909 0.027604 0.042808
0 0.592761 0.947774 0.024356 0.036387
0 0.804256 0.816139 0.025168 0.038527
0 0.778276 0.781357 0.026792 0.039598
0 0.567593 0.757813 0.025980 0.037457
0 0.917513 0.811858 0.024356 0.038527
0 0.872048 0.813463 0.027604 0.039598
0 0.963790 0.831657 0.025980 0.035317
0 0.972315 0.769585 0.026792 0.037457
0 0.945523 0.713399 0.030040 0.038527
0 0.445811 0.971318 0.029228 0.034247
0 0.808721 0.537885 0.025980 0.042808
0 0.763662 0.580158 0.023545 0.041738
0 0.905335 0.172838 0.025980 0.037457
0 0.425944 0.480869 0.022397 0.037789
0 0.359327 0.264935 0.031754 0.039003
0 0.257676 0.258072 0.027836 0.048924
0 0.117861 0.784558 0.027752 0.038917
0 0.679682 0.095346 0.024799 0.044365
0 0.609713 0.305495 0.026571 0.042808
0 0.989935 0.173568 0.020129 0.034247
0 0.935882 0.184075 0.024209 0.033468
0 0.719774 0.248288 0.023028 0.037360