0 0.371855 0.169179 0.036688 0.051414
0 0.441300 0.111994 0.027516 0.048266
0 0.454075 0.258366 0.026861 0.051414
0 0.379389 0.294041 0.032102 0.051414
0 0.410508 0.326044 0.026205 0.048266
0 0.606722 0.159211 0.029481 0.050365
0 0.552018 0.308731 0.034067 0.051414
0 0.281119 0.334438 0.034722 0.052463
0 0.232311 0.351541 0.032757 0.055611
0 0.370873 0.775340 0.029481 0.048266
0 0.424266 0.842493 0.030136 0.050365
0 0.367925 0.954240 0.027516 0.051414
0 0.408215 0.732845 0.028171 0.051414
0 0.389544 0.532120 0.034067 0.056660
0 0.515003 0.578813 0.026861 0.040921
0 0.441300 0.571468 0.030136 0.045118
0 0.303066 0.193627 0.028826 0.050365
0 0.193724 0.827279 0.030791 0.049316
0 0.661688 0.161309 0.022275 0.048266
0 0.638758 0.368539 0.027516 0.043020
0 0.621397 0.393197 0.025550 0.048266
0 0.662343 0.339685 0.026205 0.041971
0 0.618776 0.241578 0.022930 0.047217
0 0.635810 0.198558 0.030791 0.055611
0 0.552607 0.236856 0.028171 0.046168
0 0.693134 0.134553 0.027516 0.049316
0 0.749476 0.193332 0.023585 0.040961
0 0.771751 0.078417 0.027516 0.039872
0 0.831873 0.312743 0.022462 0.035975
0 0.742307 0.231350 0.026393 0.047667
0 0.738095 0.435957 0.023585 0.039572
0 0.685591 0.494866 0.023023 0.036874
0 0.627471 0.553775 0.026954 0.035975
0 0.577493 0.498463 0.028077 0.045868
0 0.588724 0.350517 0.024708 0.044969
0 0.545485 0.569334 0.029200 0.036874
0 0.600236 0.679507 0.030885 0.046767
0 0.671271 0.722677 0.029200 0.039572
0 0.567947 0.845261 0.024708 0.035076
0 0.602482 0.731940 0.026393 0.038673
0 0.613994 0.911365 0.026954 0.043170
0 0.670991 0.901922 0.028639 0.045868
0 0.764207 0.784104 0.026393 0.035076
0 0.746238 0.727893 0.026393 0.041371
0 0.796496 0.720698 0.029200 0.035975
0 0.806323 0.681126 0.026393 0.043170
0 0.746518 0.633909 0.029200 0.040472
0 0.462826 0.655943 0.032570 0.043170
0 0.684355 0.680676 0.027516 0.042270
0 0.481076 0.716201 0.030885 0.046767
0 0.809412 0.844362 0.030323 0.036874
0 0.849000 0.870444 0.025270 0.040472
0 0.949236 0.872692 0.024708 0.041371
0 0.937163 0.787701 0.027516 0.040472
0 0.932671 0.744981 0.026393 0.034176
0 0.862197 0.622127 0.029200 0.035975
0 0.845912 0.581206 0.023585 0.036874
0 0.738657 0.508626 0.033693 0.046767
0 0.783300 0.406997 0.032008 0.046767
0 0.715072 0.341793 0.026954 0.045868
0 0.848158 0.415092 0.025831 0.041371
0 0.808850 0.354384 0.025831 0.035076
0 0.897574 0.483444 0.024708 0.041371
0 0.841981 0.130620 0.026954 0.042270
0 0.854054 0.343771 0.019654 0.042270
0 0.874270 0.531021 0.026393 0.044069
0 0.963275 0.955434 0.030323 0.044969
0 0.903751 0.738506 0.026954 0.035975
0 0.825977 0.672672 0.025270 0.041371
0 0.985737 0.351056 0.026954 0.039572
0 0.932951 0.176488 0.024708 0.036874
0 0.635535 0.504322 0.031447 0.045328