0 0.363901 0.168020 0.034684 0.045551
0 0.358005 0.053589 0.031215 0.043329
0 0.413152 0.039146 0.026360 0.047773
0 0.438471 0.248012 0.033990 0.052216
0 0.385405 0.291340 0.031909 0.056660
0 0.304592 0.235235 0.032603 0.053327
0 0.269215 0.114693 0.028441 0.047773
0 0.372572 0.342446 0.028441 0.045551
0 0.293147 0.296895 0.030522 0.054438
0 0.513735 0.181352 0.026360 0.043329
0 0.539401 0.137468 0.026360 0.044440
0 0.561598 0.084696 0.031909 0.052216
0 0.517897 0.342779 0.026360 0.053327
0 0.496740 0.351111 0.032603 0.041107
0 0.466912 0.377220 0.028441 0.039996
0 0.466218 0.442212 0.029828 0.034441
0 0.421129 0.549978 0.027053 0.036663
0 0.325749 0.598306 0.029134 0.044440
0 0.519978 0.599084 0.027747 0.049995
0 0.484600 0.674631 0.030522 0.043329
0 0.603912 0.577420 0.030522 0.046662
0 0.659059 0.679075 0.029828 0.036663
0 0.620560 0.515760 0.030522 0.047773
0 0.510960 0.550312 0.027747 0.033330
0 0.646226 0.436435 0.031909 0.047773
0 0.673627 0.548645 0.032603 0.052216
0 0.579287 0.486985 0.027053 0.035552
0 0.622642 0.286896 0.031909 0.043329
0 0.664956 0.293007 0.022198 0.035552
0 0.671546 0.251345 0.031215 0.041107
0 0.712819 0.159132 0.031909 0.045551
0 0.758948 0.239679 0.022891 0.035552
0 0.741953 0.273564 0.026360 0.038885
0 0.483907 0.056366 0.024972 0.044440
0 0.465871 0.132247 0.029134 0.052216
0 0.349750 0.908050 0.024972 0.053327
0 0.434032 0.868055 0.031215 0.048884
0 0.599820 0.829170 0.025666 0.037774
0 0.525943 0.700851 0.029134 0.049995
0 0.509642 0.636413 0.027053 0.041107
0 0.627913 0.960822 0.030522 0.041107
0 0.654967 0.803617 0.030522 0.046662
0 0.730577 0.973043 0.034684 0.038885
0 0.761792 0.759733 0.027747 0.036663
0 0.779828 0.726403 0.026360 0.041107
0 0.779828 0.681964 0.023585 0.038885
0 0.690344 0.405661 0.026360 0.044440
0 0.712542 0.409549 0.026360 0.036663
0 0.788152 0.452878 0.026360 0.038885
0 0.843646 0.411771 0.026360 0.038885
0 0.665372 0.174131 0.027747 0.042218
0 0.769423 0.057477 0.027747 0.044440
0 0.796129 0.021925 0.021504 0.035552
0 0.845380 0.069698 0.024279 0.042218
0 0.769076 0.153022 0.028441 0.039996
0 0.872087 0.338002 0.031909 0.041107
0 0.878676 0.278008 0.028441 0.049995
0 0.896018 0.425548 0.025666 0.047773
0 0.942494 0.442768 0.025666 0.039996
0 0.882839 0.559977 0.032603 0.045551
0 0.841565 0.543868 0.029134 0.037774
0 0.845033 0.599973 0.027747 0.038885
0 0.842605 0.688297 0.027053 0.039996
0 0.888735 0.693296 0.031909 0.043329
0 0.960183 0.773287 0.024972 0.047773
0 0.987722 0.688852 0.024556 0.045551
0 0.859254 0.891385 0.028441 0.039996
0 0.913707 0.859722 0.031909 0.038885
0 0.850583 0.829170 0.030522 0.046662
0 0.909545 0.618082 0.027747 0.039996
0 0.920297 0.533647 0.032603 0.053327
0 0.941107 0.316893 0.024279 0.045551
0 0.867925 0.149689 0.029134 0.042218
0 0.498196 0.213682 0.027747 0.044440
0 0.719270 0.039923 0.031215 0.046662
0 0.796268 0.072698 0.022891 0.041107
0 0.612445 0.351000 0.024279 0.037774