0 0.155128 0.095248 0.030851 0.043522
0 0.282593 0.121290 0.031393 0.049943
0 0.281781 0.024615 0.028686 0.040668
0 0.216290 0.214041 0.026521 0.038527
0 0.089907 0.290739 0.035723 0.047803
0 0.126983 0.390625 0.031934 0.043522
0 0.054455 0.267979 0.034099 0.044235
0 0.227927 0.439783 0.030310 0.041381
0 0.280970 0.547160 0.025980 0.044949
0 0.197075 0.578125 0.032475 0.039241
0 0.034970 0.725100 0.033016 0.043522
0 0.071504 0.876356 0.027063 0.042095
0 0.082059 0.771832 0.026521 0.038527
0 0.126171 0.780394 0.025980 0.034247
0 0.180026 0.853525 0.022191 0.034960
0 0.240376 0.814640 0.031393 0.038527
0 0.212230 0.767551 0.023815 0.038527
0 0.242541 0.953410 0.022733 0.039241
0 0.272580 0.929866 0.027604 0.040668
0 0.357828 0.857449 0.025980 0.042808
0 0.317234 0.737942 0.027063 0.040668
0 0.322917 0.901684 0.033016 0.038527
0 0.433495 0.938071 0.025980 0.041381
0 0.460016 0.766481 0.027063 0.042095
0 0.390844 0.534033 0.030310 0.042095
0 0.321564 0.257920 0.025980 0.037814
0 0.287465 0.300371 0.025980 0.042808
0 0.389058 0.047446 0.025439 0.039241
0 0.377962 0.234732 0.025980 0.039954
0 0.451302 0.083476 0.025439 0.042808
0 0.589592 0.063142 0.025980 0.042095
0 0.579308 0.258990 0.023815 0.039954
0 0.539256 0.151969 0.022733 0.037100
0 0.516252 0.352454 0.024356 0.038527
0 0.457256 0.340682 0.024356 0.032106
0 0.459421 0.437928 0.024356 0.037100
0 0.489190 0.421518 0.026521 0.042808
0 0.404484 0.665811 0.029228 0.042808
0 0.460287 0.951627 0.024356 0.037100
0 0.550135 0.958761 0.027604 0.041381
0 0.575303 0.965896 0.024898 0.037100
0 0.516577 0.894906 0.023274 0.037814
0 0.665692 0.893122 0.023815 0.034247
0 0.625369 0.787172 0.024356 0.034960
0 0.608320 0.746504 0.025980 0.037814
0 0.502234 0.623430 0.025980 0.041381
0 0.549594 0.558505 0.026521 0.045662
0 0.602907 0.598459 0.025980 0.039954
0 0.559877 0.699772 0.021109 0.035674
0 0.681118 0.744720 0.026521 0.041381
0 0.691402 0.517052 0.025439 0.043522
0 0.670834 0.416167 0.028686 0.043522
0 0.594518 0.442209 0.027604 0.035674
0 0.569349 0.416167 0.025980 0.037814
0 0.522260 0.491082 0.027063 0.037814
0 0.515495 0.153396 0.026521 0.039954
0 0.609673 0.290026 0.025439 0.037814
0 0.670293 0.258276 0.027604 0.041381
0 0.631323 0.045662 0.025439 0.037100
0 0.505481 0.939498 0.028145 0.041381
0 0.731022 0.893836 0.025439 0.041381
0 0.759708 0.907035 0.025439 0.040668
0 0.800302 0.868151 0.025439 0.037100
0 0.849556 0.946989 0.025439 0.040668
0 0.762685 0.787529 0.019485 0.035674
0 0.778652 0.736515 0.023274 0.033533
0 0.640362 0.825342 0.021650 0.032820
0 0.842249 0.813570 0.024898 0.039241
0 0.946170 0.904894 0.022733 0.037814
0 0.934804 0.707763 0.025980 0.038527
0 0.962408 0.762700 0.022733 0.037100
0 0.906929 0.633704 0.025439 0.038527
0 0.838460 0.626570 0.023815 0.039954
0 0.880678 0.872431 0.024898 0.035674
0 0.774051 0.475742 0.028145 0.039954
0 0.885279 0.385845 0.022191 0.035674
0 0.907470 0.396547 0.027604 0.035674
0 0.817622 0.469321 0.030851 0.044235
0 0.775675 0.322417 0.022733 0.042095
0 0.788395 0.105950 0.025439 0.034960
0 0.825470 0.042451 0.023815 0.039241
0 0.862546 0.034603 0.023274 0.034960
0 0.744282 0.146261 0.021650 0.035674
0 0.774593 0.149115 0.025980 0.037100
0 0.886091 0.209047 0.025980 0.042808
0 0.944276 0.206550 0.028686 0.036387
0 0.978916 0.209760 0.022191 0.041381
0 0.911259 0.204409 0.029769 0.046376
0 0.818705 0.276470 0.023274 0.036387
0 0.956183 0.428296 0.026521 0.039241
0 0.916672 0.889555 0.024356 0.032820
0 0.616059 0.941924 0.021109 0.038527
0 0.819029 0.933005 0.021109 0.036387