0 0.107081 0.215672 0.032166 0.048108
0 0.051100 0.131279 0.029073 0.032616
0 0.048935 0.052185 0.030929 0.040770
0 0.216260 0.107632 0.026599 0.044031
0 0.210383 0.333496 0.027217 0.042401
0 0.084194 0.320858 0.023506 0.033431
0 0.063781 0.402805 0.027217 0.045662
0 0.060379 0.486383 0.026599 0.041585
0 0.283994 0.389759 0.027217 0.045662
0 0.237910 0.349397 0.030310 0.039954
0 0.370594 0.130055 0.024743 0.036693
0 0.456576 0.077870 0.027217 0.041585
0 0.035326 0.637394 0.027217 0.043216
0 0.094091 0.716895 0.028454 0.044031
0 0.157495 0.731164 0.032784 0.038324
0 0.042749 0.951647 0.029692 0.043216
0 0.173269 0.857061 0.025980 0.046477
0 0.220280 0.888454 0.030929 0.042401
0 0.200795 0.943085 0.029073 0.044031
0 0.290179 0.885600 0.027217 0.043216
0 0.288942 0.649625 0.030929 0.044847
0 0.310592 0.679795 0.028454 0.039954
0 0.384512 0.612932 0.026599 0.041585
0 0.324510 0.473092 0.032784 0.040770
0 0.450761 0.467792 0.028454 0.044847
0 0.346531 0.386986 0.034022 0.047293
0 0.343748 0.331539 0.029692 0.040770
0 0.459421 0.201810 0.024743 0.038324
0 0.420761 0.309035 0.029073 0.044031
0 0.596683 0.074201 0.029073 0.045662
0 0.524929 0.044847 0.027836 0.045662
0 0.777493 0.146363 0.033403 0.046477
0 0.673882 0.020385 0.029073 0.040770
0 0.593776 0.303735 0.028454 0.049739
0 0.545032 0.350212 0.033403 0.043216
0 0.062122 0.824253 0.026571 0.037360
0 0.111248 0.847214 0.024209 0.041252
0 0.234063 0.957347 0.026571 0.038917
0 0.404705 0.826588 0.027752 0.035803
0 0.461685 0.923490 0.024799 0.038138
0 0.365440 0.964352 0.028342 0.037360
0 0.356583 0.928160 0.024799 0.039695
0 0.576883 0.742528 0.021847 0.038917
0 0.600797 0.735912 0.024799 0.044365
0 0.712039 0.881849 0.023618 0.034247
0 0.728277 0.854608 0.023028 0.037360
0 0.807398 0.734356 0.024209 0.041252
0 0.756914 0.775607 0.033066 0.045922
0 0.768132 0.965909 0.024799 0.040473
0 0.626777 0.416563 0.033066 0.042030
0 0.577178 0.534480 0.024799 0.041252
0 0.656300 0.465598 0.025980 0.042030
0 0.662795 0.506071 0.030704 0.045143
0 0.905178 0.042419 0.027752 0.041252
0 0.921415 0.238948 0.025980 0.040473
0 0.939129 0.309776 0.022437 0.040473
0 0.863255 0.168898 0.021847 0.037360
0 0.813362 0.431429 0.028342 0.039695
0 0.871226 0.475405 0.030704 0.038917
0 0.973080 0.409636 0.027752 0.041252
0 0.861189 0.639633 0.024799 0.048257
0 0.938539 0.636908 0.025980 0.045922
0 0.935586 0.496031 0.024799 0.042808
0 0.881559 0.729374 0.027752 0.039695
0 0.910492 0.825031 0.023028 0.038917
0 0.883921 0.972914 0.024209 0.038917
0 0.861779 0.856164 0.025980 0.038917
0 0.834618 0.912204 0.027161 0.038917
0 0.818971 0.810243 0.032475 0.040473
0 0.498057 0.018291 0.027161 0.036582
0 0.907835 0.353674 0.027161 0.046700
0 0.756087 0.658857 0.028342 0.042808
0 0.397915 0.773272 0.030704 0.045922
0 0.494301 0.516362 0.028386 0.043125