0 0.398716 0.173900 0.032757 0.039872
0 0.458006 0.043791 0.028171 0.037774
0 0.365304 0.209051 0.028826 0.051414
0 0.287015 0.231085 0.032102 0.043020
0 0.262448 0.227413 0.026205 0.044069
0 0.296515 0.353325 0.030136 0.046168
0 0.278826 0.426774 0.031447 0.039872
0 0.418698 0.566326 0.032102 0.048266
0 0.495021 0.491828 0.028826 0.044069
0 0.521554 0.447759 0.026861 0.041971
0 0.567414 0.398444 0.029481 0.041971
0 0.595257 0.373261 0.028826 0.041971
0 0.520899 0.264137 0.029481 0.050365
0 0.426887 0.376934 0.027516 0.047217
1 0.479625 0.215871 0.108097 0.138503
0 0.621462 0.262563 0.026205 0.043020
0 0.665684 0.443562 0.030791 0.048266
0 0.626048 0.508617 0.027516 0.039872
0 0.705320 0.455104 0.031447 0.044069
0 0.589033 0.118289 0.025550 0.039872
0 0.649633 0.162883 0.022275 0.040921
0 0.422301 0.622567 0.035377 0.044069
0 0.457023 0.629912 0.024895 0.044069
0 0.352201 0.650373 0.035377 0.047217
0 0.241156 0.601057 0.029481 0.051414
0 0.284067 0.714378 0.030136 0.040921
0 0.582482 0.569579 0.028171 0.036724
0 0.653564 0.612074 0.027516 0.046168
0 0.685666 0.556988 0.028826 0.038823
0 0.605084 0.663488 0.031447 0.039872
0 0.585102 0.734839 0.029481 0.044069
0 0.490435 0.880477 0.030136 0.044069
0 0.456368 0.791289 0.034067 0.048266
0 0.468160 0.920874 0.028826 0.036724
0 0.260810 0.934304 0.025550 0.049316
0 0.309617 0.868200 0.036688 0.053513
0 0.360718 0.846166 0.023585 0.047217
0 0.550708 0.862954 0.028826 0.036724
0 0.218684 0.704515 0.039308 0.061907
0 0.170860 0.864003 0.032757 0.049316
0 0.652516 0.882366 0.037998 0.046168
0 0.648257 0.767471 0.029481 0.038823
0 0.690841 0.796326 0.032102 0.050365
0 0.771095 0.734944 0.028826 0.045118
0 0.749803 0.752781 0.033412 0.036724
0 0.832023 0.835149 0.027516 0.035675
0 0.843816 0.884989 0.024895 0.036724
0 0.745545 0.910696 0.031447 0.044069
0 0.967636 0.888661 0.027516 0.039872
0 0.879848 0.803146 0.031447 0.040921
0 0.971567 0.976275 0.026205 0.038823
0 0.953223 0.924336 0.027516 0.046168
0 0.886072 0.715427 0.028171 0.040921
0 0.872642 0.651947 0.028826 0.037774
0 0.747510 0.509771 0.027516 0.040921
0 0.783215 0.485638 0.026861 0.040921
0 0.723598 0.581121 0.028171 0.038823
0 0.946999 0.691924 0.026861 0.038823
0 0.728839 0.268544 0.029481 0.041971
0 0.768147 0.372422 0.025550 0.033577
0 0.859539 0.476824 0.022275 0.038823
0 0.791732 0.331500 0.022930 0.041971
0 0.807783 0.281135 0.023585 0.033577
1 0.845781 0.237591 0.091719 0.043020
0 0.811059 0.241788 0.023585 0.030429
0 0.959447 0.211674 0.022930 0.044069
0 0.806145 0.196984 0.026861 0.046168
0 0.484906 0.134540 0.030660 0.039662
0 0.387618 0.630319 0.031840 0.052883
0 0.780175 0.035257 0.024279 0.035552
0 0.728149 0.154133 0.028441 0.055549