0 0.756027 0.405579 0.026205 0.041971
0 0.796318 0.237696 0.025550 0.037774
0 0.620742 0.730222 0.026861 0.044069
0 0.745873 0.195410 0.020309 0.036724
0 0.773061 0.339685 0.023585 0.039872
0 0.852987 0.422052 0.024895 0.038823
0 0.846108 0.341783 0.024240 0.037774
0 0.834644 0.539045 0.026205 0.037774
0 0.748821 0.469794 0.023585 0.039872
0 0.715081 0.532225 0.022930 0.043020
0 0.611570 0.257842 0.020309 0.041971
2 0.729167 0.330241 0.081237 0.190967
2 0.775354 0.179147 0.071410 0.161587
0 0.799594 0.084188 0.024240 0.043020
0 0.907691 0.458776 0.024240 0.038823
0 0.879848 0.299288 0.026205 0.038823
0 0.601415 0.384278 0.024895 0.047217
0 0.619104 0.330241 0.028826 0.044069
0 0.535246 0.098353 0.023585 0.048266
0 0.516575 0.151866 0.033412 0.044069
0 0.628931 0.115141 0.030136 0.046168
0 0.649240 0.446185 0.028826 0.047217
0 0.678721 0.532225 0.026205 0.049316
0 0.567348 0.433069 0.026205 0.046168
0 0.483163 0.435168 0.024240 0.050365
0 0.504782 0.223216 0.030791 0.046168
0 0.471698 0.323946 0.027516 0.052463
0 0.686255 0.191318 0.030791 0.052463
0 0.889675 0.613124 0.026205 0.044069
0 0.840212 0.676604 0.022930 0.032527
0 0.762251 0.604205 0.025550 0.040921
0 0.927018 0.751207 0.023585 0.035675
0 0.891968 0.688251 0.025550 0.037774
0 0.902778 0.809442 0.027516 0.045118
0 0.775026 0.775340 0.026205 0.041971
0 0.814662 0.821508 0.029481 0.041971
0 0.684617 0.796850 0.028826 0.045118
0 0.657429 0.716581 0.028171 0.050365
0 0.622052 0.805769 0.029481 0.044069
0 0.683307 0.885513 0.030136 0.044069
0 0.665291 0.916467 0.029481 0.043020
0 0.528367 0.717631 0.021619 0.046168
0 0.459251 0.600113 0.028826 0.044069
0 0.541798 0.498229 0.031447 0.051414
0 0.469733 0.472522 0.030136 0.048266
0 0.589623 0.883940 0.030136 0.057710
0 0.510679 0.886038 0.030791 0.059808
0 0.141051 0.574406 0.026861 0.047217
0 0.245873 0.570209 0.030791 0.051414
0 0.298611 0.427508 0.032757 0.051414
0 0.327765 0.468954 0.026861 0.050365
0 0.390658 0.670414 0.025550 0.050365
0 0.214099 0.956339 0.035377 0.059808
0 0.317938 0.861380 0.025550 0.054562
0 0.341523 0.749109 0.029481 0.046168
0 0.485980 0.758027 0.031447 0.047217
0 0.466654 0.912270 0.030791 0.049316
0 0.359539 0.418904 0.027516 0.055611
0 0.399502 0.310305 0.028826 0.054562
0 0.272406 0.237906 0.032757 0.065055
0 0.311059 0.184918 0.028826 0.051414
0 0.361504 0.033298 0.028826 0.054562
0 0.335954 0.172851 0.027516 0.056660
0 0.367728 0.241578 0.029481 0.053513
0 0.430621 0.040119 0.032102 0.055611