0 0.162841 0.252417 0.025980 0.036261
0 0.127692 0.762490 0.024452 0.036261
0 0.174685 0.966962 0.020631 0.034247
0 0.230466 0.949335 0.026744 0.039283
0 0.437543 0.906527 0.026744 0.034247
0 0.461231 0.795729 0.023688 0.032232
0 0.352344 0.716156 0.030565 0.036261
0 0.358457 0.872280 0.027508 0.034247
0 0.263324 0.601027 0.026744 0.039283
0 0.355782 0.588940 0.022160 0.037268
0 0.291978 0.243755 0.022924 0.040290
0 0.375267 0.194400 0.024452 0.038276
0 0.395135 0.025685 0.021395 0.035254
0 0.403922 0.208501 0.022160 0.038276
0 0.419587 0.172240 0.021395 0.032232
0 0.453972 0.229654 0.024452 0.042305
0 0.378706 0.353848 0.020631 0.043312
0 0.424171 0.471193 0.024452 0.046334
0 0.491414 0.539686 0.024452 0.040290
0 0.500584 0.389605 0.024452 0.040290
0 0.397809 0.544521 0.020631 0.040290
0 0.365334 0.545024 0.025980 0.039283
0 0.132659 0.398670 0.026744 0.042305
0 0.579670 0.810838 0.023688 0.038276
0 0.544521 0.703062 0.022160 0.034247
0 0.549869 0.935234 0.023688 0.037268
0 0.535351 0.963437 0.022160 0.037268
0 0.539172 0.569198 0.020631 0.035254
0 0.557893 0.556104 0.022924 0.033239
0 0.616730 0.744964 0.021395 0.034247
0 0.500966 0.296132 0.023688 0.038276
0 0.535351 0.327861 0.022160 0.033239
0 0.511128 0.014102 0.024452 0.028203
0 0.613903 0.025685 0.020631 0.037268
0 0.645614 0.250806 0.024452 0.044319
0 0.609700 0.319299 0.024452 0.038276
0 0.650199 0.409851 0.021395 0.043312
0 0.739601 0.415391 0.019867 0.042305
0 0.628039 0.481467 0.025980 0.042305
0 0.661661 0.604351 0.022924 0.034247
0 0.655930 0.723207 0.023688 0.036261
0 0.674269 0.865733 0.022160 0.039283
0 0.669684 0.967466 0.026744 0.039283
0 0.702541 0.887893 0.022160 0.037268
0 0.858804 0.894944 0.027508 0.033239
0 0.848106 0.837530 0.024452 0.031225
0 0.808754 0.587732 0.025216 0.041297
0 0.580664 0.914585 0.024452 0.030218
0 0.787741 0.685939 0.025980 0.028203
0 0.794236 0.769037 0.022160 0.037268
0 0.886312 0.582695 0.024452 0.039283
0 0.955466 0.535858 0.020631 0.038276
0 0.711711 0.189363 0.022160 0.036261
0 0.776279 0.230157 0.024452 0.041297
0 0.720116 0.289585 0.020631 0.041297
0 0.797292 0.369662 0.020631 0.042305
0 0.741893 0.055399 0.022924 0.042305
0 0.690315 0.108280 0.023688 0.035254
0 0.882874 0.226128 0.025216 0.043312
0 0.838937 0.220588 0.025980 0.040290
0 0.920698 0.162168 0.027508 0.038276
0 0.988323 0.087127 0.022160 0.037268
0 0.871030 0.400383 0.022924 0.039283
0 0.728139 0.811342 0.025980 0.035254