0 0.361046 0.093107 0.032102 0.046168
0 0.445886 0.115666 0.035377 0.045118
0 0.493383 0.042217 0.026861 0.045118
0 0.391509 0.228987 0.032757 0.043020
0 0.442938 0.155538 0.028171 0.036724
0 0.567741 0.166031 0.032757 0.036724
0 0.595584 0.142422 0.036032 0.041971
0 0.635548 0.120912 0.033412 0.036724
0 0.666339 0.032249 0.030791 0.039872
0 0.320755 0.381865 0.030136 0.048266
0 0.299463 0.479237 0.032102 0.046168
0 0.255569 0.416281 0.033412 0.046168
0 0.323375 0.621937 0.031447 0.050365
0 0.342374 0.828118 0.034067 0.051414
0 0.447524 0.710601 0.033412 0.049316
0 0.401992 0.557408 0.031447 0.038823
0 0.464557 0.427298 0.032102 0.045118
0 0.558897 0.497075 0.034722 0.039872
0 0.607049 0.646071 0.031447 0.044069
0 0.645375 0.759916 0.029481 0.040921
0 0.433766 0.890235 0.033412 0.047217
0 0.585757 0.773766 0.034722 0.045118
0 0.229101 0.507253 0.033412 0.047217
0 0.235325 0.476824 0.040618 0.049316
0 0.157364 0.955814 0.032757 0.050365
0 0.247445 0.944797 0.039963 0.064005
0 0.309683 0.705459 0.034722 0.056660
0 0.485587 0.379662 0.032757 0.049316
0 0.517034 0.352381 0.032757 0.045118
0 0.389282 0.401381 0.031447 0.046168
0 0.313286 0.073171 0.031447 0.052463
0 0.812369 0.043791 0.026205 0.037774
0 0.776336 0.272007 0.028826 0.040921
0 0.717047 0.216920 0.028171 0.037774
0 0.590933 0.306633 0.034067 0.040921
0 0.638103 0.445556 0.030136 0.045118
0 0.655136 0.528972 0.030136 0.037774
0 0.486439 0.558981 0.030791 0.048266
0 0.744562 0.792653 0.028171 0.043020
0 0.690841 0.664118 0.033412 0.039872
0 0.745218 0.637362 0.028171 0.040921
0 0.787474 0.614278 0.022275 0.030429
0 0.817938 0.660970 0.024240 0.039872
0 0.834316 0.766946 0.026861 0.041971
0 0.911622 0.907548 0.025550 0.037774
0 0.934879 0.804720 0.031447 0.041971
0 0.934552 0.756454 0.025550 0.039872
0 0.944051 0.668315 0.023585 0.035675
0 0.841850 0.848264 0.034067 0.045118
0 0.751441 0.408412 0.026205 0.038823
0 0.749476 0.333389 0.027516 0.037774
0 0.768147 0.511764 0.028171 0.041971
0 0.832351 0.465072 0.029481 0.038823
0 0.954534 0.512814 0.026205 0.037774
0 0.906053 0.168654 0.020964 0.039872
0 0.974188 0.125109 0.026205 0.043020
0 0.854298 0.263088 0.028826 0.039872
0 0.877883 0.379557 0.027516 0.046168
0 0.764872 0.896845 0.033412 0.050365
0 0.729822 0.412189 0.028826 0.043020
0 0.617466 0.187856 0.030791 0.051414
0 0.375917 0.713434 0.034067 0.056660