0 0.481191 0.190507 0.021816 0.041551
0 0.630071 0.158871 0.023585 0.044384
0 0.603243 0.080019 0.025354 0.041551
0 0.625943 0.031857 0.021226 0.033996
0 0.699941 0.122042 0.025354 0.036829
0 0.699351 0.024303 0.021816 0.037774
0 0.591156 0.211282 0.025943 0.039662
0 0.606781 0.283052 0.024175 0.032108
0 0.641863 0.292495 0.023585 0.033996
0 0.584080 0.299106 0.021226 0.039662
0 0.388620 0.295328 0.024175 0.043440
0 0.344104 0.309021 0.027123 0.036829
0 0.258903 0.360488 0.026533 0.041551
0 0.393042 0.390707 0.040094 0.047217
0 0.272170 0.487029 0.027123 0.047217
0 0.282193 0.288246 0.021226 0.040607
0 0.395696 0.728120 0.024175 0.040607
0 0.401887 0.568998 0.027123 0.047217
0 0.428715 0.566637 0.025354 0.042495
0 0.167571 0.467009 0.021226 0.041551
0 0.243632 0.776753 0.028302 0.041551
0 0.140448 0.918876 0.035377 0.053827
0 0.302594 0.787613 0.023585 0.050050
0 0.280483 0.967982 0.025354 0.044384
0 0.410200 0.841440 0.035967 0.050050
0 0.465330 0.844746 0.024764 0.041551
0 0.485672 0.751728 0.027712 0.038718
0 0.636616 0.793751 0.031250 0.039662
0 0.761734 0.978842 0.019458 0.035885
0 0.679481 0.863632 0.027123 0.041551
0 0.833373 0.966093 0.027123 0.042495
0 0.877005 0.974593 0.025943 0.038718
0 0.907960 0.917932 0.025354 0.034941
0 0.928007 0.887241 0.024175 0.039662
0 0.933609 0.848995 0.025943 0.036829
0 0.874646 0.821609 0.025943 0.036829
0 0.844575 0.893379 0.022406 0.033052
0 0.754658 0.733786 0.025354 0.036829
0 0.743750 0.783836 0.023585 0.040607
0 0.675354 0.701206 0.028302 0.041551
0 0.630542 0.668154 0.022406 0.039662
0 0.807429 0.700262 0.021226 0.035885
0 0.858432 0.672876 0.021816 0.033996
0 0.767335 0.658711 0.024764 0.035885
0 0.799175 0.617632 0.021226 0.036829
0 0.903538 0.660599 0.022406 0.037774
0 0.903243 0.564749 0.024175 0.038718
0 0.781191 0.499211 0.024175 0.040607
0 0.650000 0.514793 0.024764 0.033996
0 0.617276 0.554455 0.020637 0.041551
0 0.530307 0.529903 0.023585 0.033996
0 0.571285 0.583258 0.024175 0.034941
0 0.564800 0.404589 0.024175 0.044384
0 0.585436 0.414504 0.024175 0.039662
0 0.808903 0.444723 0.025354 0.033996
0 0.721344 0.309682 0.022406 0.037774
0 0.699528 0.592040 0.028302 0.045328
0 0.930071 0.453600 0.023585 0.032108
0 0.900884 0.336974 0.021816 0.044384
0 0.920637 0.250567 0.022406 0.035885
0 0.755542 0.183424 0.018868 0.036829
0 0.734611 0.270303 0.021816 0.038718
0 0.992158 0.352461 0.015684 0.036829
0 0.650884 0.124403 0.018278 0.035885