0 0.151812 0.103518 0.028342 0.040473
0 0.162440 0.219879 0.030704 0.044365
0 0.103099 0.313278 0.033656 0.050592
0 0.277580 0.268524 0.022437 0.040473
0 0.278465 0.094567 0.028932 0.041252
0 0.428442 0.093400 0.028932 0.035803
0 0.430508 0.162282 0.025980 0.035025
0 0.306217 0.355308 0.028932 0.038138
0 0.274332 0.496420 0.019485 0.029577
0 0.225619 0.601494 0.027161 0.035803
0 0.200230 0.898194 0.030704 0.032690
0 0.191373 0.967077 0.036608 0.041252
0 0.100442 0.963185 0.028342 0.041252
0 0.336921 0.802849 0.024209 0.042808
0 0.325112 0.770548 0.024209 0.035803
0 0.423895 0.850327 0.027161 0.035025
0 0.557044 0.936722 0.028932 0.039695
0 0.361897 0.683453 0.027161 0.039695
0 0.386696 0.628580 0.028342 0.035803
0 0.357469 0.584215 0.031294 0.040473
0 0.281004 0.574486 0.031885 0.039695
0 0.481465 0.656211 0.025390 0.030355
0 0.523683 0.619630 0.025980 0.036582
0 0.490912 0.551915 0.021847 0.035025
0 0.508626 0.584215 0.020666 0.034247
0 0.517483 0.558141 0.023028 0.036582
0 0.426848 0.584138 0.022437 0.033468
0 0.406772 0.481009 0.027161 0.034247
0 0.383744 0.322151 0.024799 0.039695
0 0.441609 0.399984 0.024799 0.038138
0 0.452592 0.266968 0.017714 0.034247
0 0.511047 0.305495 0.020076 0.033468
0 0.515180 0.462562 0.024799 0.041252
0 0.626482 0.368773 0.024209 0.045143
0 0.652757 0.371108 0.020076 0.038917
0 0.608177 0.431429 0.023028 0.041252
0 0.624415 0.500311 0.023618 0.032690
0 0.478277 0.258795 0.024209 0.033468
0 0.611130 0.604763 0.021847 0.038917
0 0.653347 0.783780 0.024799 0.035803
0 0.630319 0.851494 0.023618 0.038917
0 0.615145 0.943727 0.025390 0.035025
0 0.699580 0.962796 0.025390 0.034247
0 0.768073 0.967466 0.026571 0.034247
0 0.807339 0.968633 0.024799 0.041252
0 0.748588 0.807908 0.028932 0.040473
0 0.699875 0.799346 0.020076 0.037360
0 0.684228 0.656522 0.028932 0.036582
0 0.816196 0.682207 0.028342 0.041252
0 0.801139 0.585305 0.026571 0.042030
0 0.781359 0.564679 0.023618 0.033468
0 0.756855 0.590753 0.024209 0.037360
0 0.617802 0.095346 0.028342 0.052148
0 0.663267 0.230775 0.022437 0.042808
0 0.757445 0.072385 0.032475 0.046700
0 0.796120 0.024128 0.028342 0.048256
0 0.891479 0.258017 0.024209 0.042808
0 0.848199 0.358811 0.027161 0.040473
0 0.920530 0.362702 0.026571 0.040473
0 0.836094 0.042030 0.021847 0.040473
0 0.874179 0.310865 0.020076 0.035803
0 0.940015 0.610445 0.026571 0.039695
0 0.973966 0.562967 0.024799 0.045922
0 0.172183 0.783390 0.028932 0.044365
0 0.393546 0.430884 0.027161 0.035803
0 0.351033 0.488169 0.025980 0.048257
0 0.333024 0.717466 0.023028 0.037360
0 0.535256 0.789851 0.027161 0.037360
0 0.452887 0.526852 0.036018 0.047478
0 0.586626 0.321606 0.025980 0.042030