0 0.520671 0.504983 0.024972 0.039996
2 0.476623 0.542757 0.117231 0.117765
0 0.721698 0.825281 0.024972 0.038885
2 0.672447 0.809172 0.127636 0.086657
2 0.830952 0.501317 0.100583 0.054438
0 0.868063 0.492985 0.026360 0.039996
0 0.685280 0.059699 0.033990 0.042218
0 0.689095 0.107472 0.027747 0.035552
0 0.645741 0.090251 0.025666 0.038885
0 0.617994 0.019851 0.032603 0.039701
0 0.570824 0.042479 0.035377 0.047773
0 0.510128 0.051367 0.031909 0.049995
0 0.518452 0.160799 0.033296 0.046662
0 0.600999 0.224125 0.031909 0.042218
0 0.628052 0.260788 0.029134 0.035552
0 0.707478 0.179686 0.029828 0.042218
0 0.740427 0.178019 0.030522 0.032219
0 0.775111 0.171353 0.027747 0.036663
0 0.876041 0.085252 0.029828 0.037774
0 0.888527 0.236346 0.025666 0.037774
0 0.807714 0.285230 0.027747 0.037774
0 0.784476 0.293562 0.028441 0.034441
0 0.731410 0.322448 0.029134 0.038885
0 0.795574 0.369665 0.035377 0.042218
0 0.779620 0.424103 0.033990 0.039996
0 0.714068 0.404106 0.030522 0.039996
0 0.966565 0.357444 0.027747 0.039996
0 0.954426 0.291896 0.029828 0.039996
0 0.772336 0.124692 0.033296 0.045551
0 0.455674 0.243568 0.033990 0.049995
0 0.535447 0.362999 0.031215 0.046662
0 0.539262 0.328003 0.033296 0.045551
0 0.644007 0.470320 0.029134 0.044440
0 0.645047 0.581419 0.033990 0.044440
0 0.717189 0.634191 0.032603 0.041107
0 0.943674 0.445879 0.027747 0.039996
0 0.930147 0.575864 0.033990 0.042218
0 0.794881 0.591974 0.028441 0.043329
0 0.748405 0.535869 0.032603 0.042218
0 0.752220 0.476431 0.031909 0.049995
0 0.890608 0.656411 0.029828 0.045551
0 0.961016 0.730847 0.029134 0.041107
0 0.867023 0.728625 0.038152 0.058882
0 0.801124 0.758067 0.035377 0.044440
0 0.864248 0.840280 0.028441 0.037774
0 0.963097 0.963044 0.029134 0.041107
0 0.864595 0.936380 0.033296 0.043329
0 0.668840 0.942491 0.031909 0.051105
0 0.734046 0.966933 0.034684 0.046662
0 0.518313 0.906384 0.033296 0.047773
0 0.603635 0.839169 0.033296 0.048884
0 0.524556 0.834169 0.040233 0.047773
0 0.454495 0.800840 0.030522 0.045551
0 0.626526 0.673298 0.034684 0.041107
0 0.655314 0.734958 0.028441 0.053327
0 0.767342 0.737180 0.031909 0.044440
0 0.552997 0.585530 0.029134 0.045551
0 0.589415 0.293562 0.036765 0.047773
0 0.606756 0.364110 0.039539 0.046662
0 0.848502 0.189685 0.034684 0.046662
0 0.906423 0.303561 0.022891 0.034441
0 0.379648 0.048589 0.029828 0.051105
0 0.342883 0.100250 0.033990 0.052216
0 0.319298 0.204128 0.038152 0.062215
0 0.275597 0.230791 0.036765 0.057771
0 0.316176 0.136913 0.033296 0.047773
0 0.529828 0.457655 0.043008 0.051105
0 0.358837 0.493207 0.036765 0.062215
0 0.295019 0.385996 0.031215 0.063326
0 0.280799 0.456544 0.034684 0.055549
0 0.257561 0.576753 0.038152 0.057771
0 0.250624 0.642302 0.035377 0.062215
0 0.239179 0.701739 0.027747 0.049995
0 0.164956 0.924493 0.034684 0.057771
0 0.330050 0.834503 0.037458 0.055549
0 0.372364 0.914494 0.031909 0.042218
0 0.486473 0.554533 0.031215 0.046662
0 0.416065 0.442990 0.029134 0.046662
0 0.461848 0.640857 0.036071 0.041107
0 0.980174 0.185604 0.024322 0.038954