0 0.894737 0.815746 0.027309 0.042744
0 0.268433 0.267631 0.031653 0.052684
0 0.328016 0.140394 0.034136 0.048708
0 0.365566 0.126477 0.026068 0.050696
0 0.425770 0.165742 0.028550 0.047714
0 0.441907 0.127471 0.033515 0.048708
0 0.562003 0.226378 0.027929 0.047714
0 0.573796 0.197551 0.027929 0.055666
0 0.335464 0.482344 0.029171 0.052684
0 0.234918 0.427672 0.035377 0.050696
0 0.220022 0.480456 0.035377 0.061631
0 0.190231 0.647952 0.036619 0.054672
0 0.234608 0.637017 0.033515 0.058649
0 0.419563 0.475485 0.033515 0.057654
0 0.430425 0.424789 0.027929 0.049702
0 0.583106 0.556003 0.035377 0.047714
0 0.641447 0.525188 0.032895 0.047714
0 0.617862 0.464551 0.029171 0.045726
0 0.474801 0.471112 0.031033 0.045726
0 0.572555 0.305902 0.030412 0.043738
0 0.610104 0.373497 0.028550 0.049702
0 0.386048 0.744772 0.039722 0.050696
0 0.475112 0.815349 0.031653 0.050696
0 0.493421 0.668230 0.033515 0.050696
0 0.602967 0.776581 0.025447 0.052684
0 0.563555 0.935131 0.037239 0.049702
0 0.488456 0.921711 0.032274 0.044732
0 0.357187 0.808887 0.036619 0.051690
0 0.370842 0.945568 0.034136 0.062625
0 0.209471 0.899345 0.031653 0.057654
0 0.419563 0.752724 0.033515 0.052684
0 0.024330 0.919226 0.038481 0.061631
0 0.102843 0.791989 0.029171 0.061631
0 0.710402 0.795965 0.032274 0.049702
0 0.663232 0.822804 0.034757 0.047714
0 0.690852 0.901333 0.025447 0.043738
0 0.674094 0.955012 0.037860 0.045726
0 0.735849 0.931155 0.028550 0.049702
0 0.987401 0.958491 0.025198 0.054672
0 0.802880 0.709384 0.028550 0.046720
0 0.746090 0.687018 0.031653 0.035786
0 0.764089 0.574194 0.022964 0.046720
0 0.697679 0.699940 0.022964 0.039762
0 0.901564 0.701928 0.024826 0.043738
0 0.942838 0.748648 0.022964 0.035786
0 0.981939 0.804315 0.027929 0.049702
0 0.806914 0.613160 0.024206 0.038768
0 0.944389 0.563955 0.027309 0.045726
0 0.820258 0.475485 0.022344 0.039762
0 0.799156 0.500336 0.026068 0.043738
0 0.678128 0.431648 0.026068 0.046720
0 0.724367 0.417732 0.026688 0.036780
0 0.683404 0.286021 0.024206 0.041750
0 0.713195 0.279560 0.024206 0.036780
0 0.566410 0.039498 0.029791 0.051690
0 0.765641 0.212462 0.029791 0.043738
0 0.835775 0.286518 0.023585 0.046720
0 0.873324 0.246756 0.027929 0.048708
0 0.931976 0.345166 0.023585 0.040756
0 0.813121 0.384033 0.022964 0.043738
0 0.945010 0.949047 0.029791 0.039762
0 0.860290 0.489104 0.026688 0.052684
0 0.967043 0.410574 0.024206 0.044732
0 0.452396 0.315842 0.032895 0.051690
0 0.415777 0.291488 0.030412 0.046720
0 0.850360 0.658389 0.026688 0.051690