0 0.066633 0.282891 0.025980 0.036387
0 0.367137 0.182292 0.029228 0.040668
0 0.398259 0.081692 0.024356 0.044949
0 0.482424 0.045305 0.027063 0.039241
0 0.310468 0.392123 0.033016 0.044235
0 0.279887 0.184432 0.028145 0.039241
0 0.191392 0.696204 0.022191 0.038527
0 0.227115 0.969107 0.021109 0.037814
0 0.305597 0.930223 0.020026 0.039954
0 0.366217 0.864583 0.024356 0.039954
0 0.284217 0.707977 0.025980 0.037814
0 0.353768 0.627997 0.029769 0.037100
0 0.485888 0.957334 0.024898 0.037100
0 0.492924 0.887771 0.025980 0.033533
0 0.444212 0.634204 0.023815 0.039241
0 0.408218 0.206835 0.024356 0.032106
0 0.143762 0.287885 0.031934 0.040668
0 0.461694 0.298231 0.024356 0.039954
0 0.524750 0.297874 0.027063 0.042095
0 0.504453 0.401541 0.026521 0.042808
0 0.446268 0.420805 0.024898 0.041381
0 0.513384 0.764697 0.027063 0.034247
0 0.544776 0.753995 0.025980 0.038527
0 0.598360 0.745791 0.024898 0.043522
0 0.643826 0.868864 0.019485 0.038527
0 0.646261 0.977312 0.027604 0.034247
0 0.720143 0.808933 0.024898 0.042808
0 0.676842 0.760417 0.029228 0.039954
0 0.695786 0.860659 0.024898 0.037814
0 0.649780 0.705836 0.024898 0.042095
0 0.626776 0.566709 0.028686 0.030679
0 0.603773 0.652683 0.024898 0.037100
0 0.533951 0.614155 0.027063 0.038527
0 0.552083 0.528610 0.023274 0.033533
0 0.576169 0.500785 0.029228 0.036387
0 0.651512 0.474030 0.027063 0.044235
0 0.626343 0.352312 0.025439 0.037100
0 0.581095 0.284889 0.028686 0.040668
0 0.508025 0.189426 0.027604 0.040668
0 0.654705 0.136273 0.024356 0.039954
0 0.715055 0.199772 0.024898 0.044235
0 0.689345 0.168736 0.020026 0.036387
0 0.651457 0.300014 0.028686 0.037814
0 0.720738 0.333547 0.031934 0.042095
0 0.687451 0.447560 0.027063 0.042095
0 0.716408 0.531464 0.024356 0.040668
0 0.689616 0.608162 0.028145 0.038527
0 0.741847 0.776826 0.021109 0.028539
0 0.798678 0.823202 0.027604 0.037100
0 0.857946 0.769549 0.027063 0.039954
0 0.800573 0.561715 0.025980 0.053510
0 0.769451 0.580765 0.027604 0.035674
0 0.844956 0.407677 0.023815 0.041381
0 0.889068 0.346675 0.025439 0.039241
0 0.873101 0.383419 0.024898 0.047089
0 0.865253 0.101313 0.030851 0.041381
0 0.794078 0.130922 0.025980 0.046376
0 0.794619 0.348174 0.022733 0.034247
0 0.763768 0.424158 0.025980 0.040668
0 0.793266 0.472674 0.025439 0.036387
0 0.823305 0.711187 0.028145 0.044235
0 0.768639 0.928796 0.027063 0.037100
0 0.599768 0.462257 0.020568 0.034960
0 0.978104 0.266124 0.025980 0.044235
0 0.627642 0.103453 0.026521 0.048516
0 0.549431 0.129852 0.023815 0.044235
0 0.417991 0.585928 0.023618 0.038917