0 0.209041 0.355746 0.024371 0.055401
0 0.193711 0.418072 0.034591 0.059179
0 0.282940 0.488583 0.032233 0.061697
0 0.315566 0.319231 0.031447 0.062956
0 0.337186 0.200496 0.030660 0.061697
0 0.286871 0.099137 0.029088 0.060438
0 0.364308 0.123690 0.034591 0.059179
0 0.382783 0.070807 0.040094 0.061697
0 0.408726 0.175943 0.035377 0.057920
0 0.378459 0.296189 0.031447 0.056660
0 0.322642 0.410769 0.034591 0.061697
0 0.284906 0.668889 0.033019 0.059179
0 0.324607 0.688405 0.030660 0.052883
0 0.187028 0.814317 0.032233 0.067993
0 0.314780 0.832575 0.039308 0.061697
0 0.388286 0.874126 0.033805 0.054142
0 0.383962 0.760805 0.029874 0.051624
0 0.418160 0.734363 0.033805 0.061697
0 0.441352 0.705404 0.031447 0.061697
0 0.469654 0.527238 0.031447 0.042810
0 0.487736 0.651261 0.033019 0.059179
0 0.498742 0.758287 0.026730 0.056660
0 0.537657 0.710440 0.029088 0.051624
0 0.568318 0.673925 0.024371 0.049106
0 0.572642 0.934563 0.033019 0.051624
0 0.620991 0.972633 0.038522 0.054734
0 0.672877 0.973263 0.041667 0.053474
0 0.676022 0.879792 0.027516 0.052883
0 0.153459 0.670778 0.029874 0.062956
0 0.031604 0.889865 0.034591 0.073029
0 0.462028 0.445395 0.030660 0.047847
0 0.524528 0.444766 0.031447 0.044069
0 0.500943 0.374884 0.029874 0.045328
0 0.502909 0.184128 0.035377 0.056660
0 0.546541 0.342147 0.036164 0.047847
0 0.556368 0.250231 0.033805 0.062956
0 0.608255 0.245195 0.033805 0.050365
0 0.566588 0.121171 0.029088 0.049106
0 0.524135 0.099137 0.029088 0.055401
0 0.627909 0.053809 0.027516 0.047847
0 0.436871 0.140058 0.035377 0.059179
0 0.677987 0.216865 0.033019 0.046587
0 0.690959 0.124949 0.029088 0.044069
0 0.744811 0.101655 0.034591 0.045328
0 0.855267 0.270377 0.029088 0.055401
0 0.858412 0.374255 0.027516 0.041551
0 0.736557 0.379291 0.030660 0.049106
0 0.660692 0.291782 0.023585 0.045328
0 0.633962 0.439729 0.029874 0.056660
0 0.654009 0.679592 0.030660 0.045328
0 0.663836 0.615376 0.026730 0.047847
0 0.711792 0.689035 0.025157 0.046587
0 0.760928 0.835723 0.027516 0.050365
0 0.790802 0.866571 0.029088 0.049106
0 0.742846 0.931416 0.032233 0.050365
0 0.707075 0.456475 0.023585 0.050365
0 0.563994 0.301226 0.026730 0.046587
0 0.807704 0.303744 0.026730 0.044069
0 0.886321 0.151390 0.028302 0.046587
0 0.902044 0.123690 0.022013 0.046587
0 0.934670 0.153279 0.025943 0.045328
0 0.913836 0.336733 0.023585 0.041551
0 0.963758 0.320364 0.030660 0.041551
0 0.928774 0.453831 0.029874 0.044069
0 0.960613 0.485309 0.027516 0.046587
0 0.947248 0.509862 0.029088 0.045328
0 0.844654 0.453831 0.029874 0.044069
0 0.793553 0.445017 0.025157 0.046587
0 0.791588 0.700997 0.027516 0.042810
0 0.787264 0.735622 0.025157 0.041551
0 0.893789 0.942118 0.030660 0.046587
0 0.854088 0.964153 0.033019 0.035255
0 0.934277 0.838241 0.029874 0.047847
0 0.960613 0.841389 0.029088 0.046587
0 0.984434 0.769619 0.031132 0.051624
0 0.945676 0.651891 0.035377 0.045328
0 0.910692 0.657557 0.029874 0.044069
0 0.822248 0.583269 0.029088 0.041551
0 0.890645 0.782210 0.032233 0.054142
0 0.368632 0.648114 0.030660 0.050365
0 0.108412 0.864053 0.035377 0.061697