0 0.647049 0.777127 0.019827 0.026136
1 0.654228 0.726658 0.034184 0.127073
0 0.194926 0.119412 0.030082 0.040555
0 0.237314 0.110400 0.027348 0.036950
0 0.273550 0.084715 0.025980 0.037851
0 0.296795 0.104092 0.024613 0.036950
0 0.340551 0.120314 0.025980 0.033345
0 0.397298 0.095981 0.024613 0.038753
0 0.245519 0.181597 0.024613 0.036950
0 0.229110 0.233417 0.025980 0.036049
0 0.203472 0.372837 0.028031 0.040555
0 0.106046 0.425108 0.027348 0.040555
0 0.052035 0.572368 0.028715 0.042358
0 0.151170 0.648973 0.031450 0.036950
0 0.130659 0.565159 0.021878 0.036950
0 0.197319 0.530461 0.023929 0.037851
0 0.027422 0.773342 0.023245 0.031543
0 0.071178 0.955570 0.023245 0.035148
0 0.196635 0.955119 0.025296 0.036049
0 0.290300 0.926280 0.023929 0.034247
0 0.318673 0.845620 0.025980 0.038753
0 0.247912 0.782534 0.025296 0.036950
0 0.194926 0.771720 0.023245 0.035148
0 0.374394 0.932588 0.025296 0.034247
0 0.336449 0.983868 0.023245 0.032264
0 0.414048 0.776676 0.021194 0.025234
0 0.348414 0.681146 0.023929 0.034247
0 0.306025 0.645999 0.025296 0.034247
0 0.285856 0.668079 0.020511 0.033345
0 0.258167 0.589672 0.023929 0.038753
0 0.235605 0.632931 0.025296 0.031543
0 0.200737 0.680245 0.025296 0.037851
0 0.405844 0.624820 0.026664 0.038753
0 0.463274 0.884373 0.019827 0.031543
0 0.483100 0.919521 0.021194 0.029740
0 0.533010 0.883021 0.022562 0.034247
0 0.547025 0.928533 0.019143 0.026136
0 0.362429 0.513248 0.023245 0.031543
0 0.294744 0.533075 0.021878 0.035148
0 0.260218 0.436193 0.025296 0.037851
0 0.326878 0.366348 0.024613 0.035148
0 0.260560 0.339311 0.019143 0.031543
0 0.380547 0.377163 0.023929 0.035148
0 0.412339 0.300108 0.021878 0.030642
0 0.462932 0.433490 0.020511 0.039654
0 0.500193 0.369953 0.022562 0.031543
0 0.507713 0.415014 0.021194 0.031543
0 0.453018 0.520458 0.022562 0.035148
0 0.469085 0.583093 0.020511 0.034247
0 0.381573 0.428803 0.027348 0.036049
0 0.535061 0.272621 0.026664 0.042358
0 0.544974 0.440159 0.021878 0.036049
0 0.550786 0.542898 0.023929 0.034247
0 0.607737 0.700523 0.020511 0.027938
0 0.617309 0.668980 0.021878 0.031543
0 0.476811 0.639690 0.025296 0.036049
0 0.609446 0.845169 0.021194 0.037851
0 0.656279 0.809120 0.024613 0.028839
0 0.601584 0.945656 0.021878 0.033345
0 0.796777 0.928533 0.022562 0.031543
0 0.847712 0.914564 0.021878 0.025234
0 0.835063 0.865898 0.023929 0.036049
0 0.893177 0.789744 0.022562 0.027938
0 0.877452 0.655461 0.022562 0.035148
0 0.838140 0.639239 0.024613 0.033345
0 0.755072 0.614366 0.025296 0.031543
0 0.716101 0.631038 0.022562 0.032444
0 0.707214 0.549027 0.022562 0.034247
0 0.647391 0.559841 0.021878 0.032444
0 0.612181 0.534607 0.021194 0.032444
0 0.648758 0.407895 0.023245 0.032444
0 0.575604 0.372747 0.024613 0.036049
0 0.567399 0.311013 0.024613 0.031543
0 0.635084 0.133381 0.025980 0.034247
0 0.708581 0.137437 0.019827 0.033345
0 0.724648 0.198720 0.025980 0.038753
0 0.818997 0.168079 0.023245 0.044160
0 0.864462 0.065339 0.021194 0.036950
0 0.687045 0.482156 0.023245 0.036049
0 0.762934 0.353280 0.023245 0.037851
0 0.812160 0.485580 0.027348 0.052271
0 0.761225 0.508652 0.025296 0.039654
0 0.949513 0.945205 0.025296 0.041456
0 0.974125 0.808219 0.025296 0.036049
0 0.953957 0.648702 0.021878 0.039654
0 0.922165 0.629776 0.029399 0.039654
0 0.929344 0.751893 0.020511 0.038753
0 0.909859 0.401766 0.026664 0.045061
0 0.905415 0.237293 0.024613 0.036950
0 0.950538 0.144466 0.027348 0.036950
0 0.676037 0.258201 0.019827 0.035148
0 0.791239 0.330930 0.025980 0.039654
0 0.817219 0.593367 0.027348 0.036049
0 0.963528 0.461428 0.020511 0.036049
0 0.918405 0.963681 0.027348 0.031543
0 0.461939 0.104452 0.029877 0.047945