0 0.070542 0.139983 0.027929 0.041952
0 0.118281 0.064212 0.025980 0.041096
0 0.128897 0.417618 0.029589 0.043760
0 0.200703 0.126998 0.028867 0.042808
0 0.392668 0.066591 0.027424 0.041857
0 0.365605 0.113204 0.028145 0.043760
0 0.154156 0.332002 0.022372 0.041857
0 0.369574 0.297755 0.024537 0.034247
0 0.420452 0.231164 0.023815 0.043760
0 0.403854 0.303938 0.029589 0.044711
0 0.278644 0.275400 0.028867 0.039003
0 0.321944 0.031393 0.027424 0.045662
0 0.360914 0.023307 0.033197 0.037100
0 0.463392 0.108447 0.025980 0.041857
0 0.520404 0.117960 0.025980 0.039954
0 0.537724 0.228786 0.025980 0.042808
0 0.028224 0.545282 0.031754 0.051370
0 0.149465 0.890601 0.023093 0.034247
0 0.142970 0.932458 0.023093 0.038052
0 0.190961 0.901065 0.028145 0.039954
0 0.290912 0.745053 0.023093 0.036149
0 0.274675 0.763604 0.023815 0.037100
0 0.238230 0.702245 0.027424 0.045662
0 0.166785 0.756469 0.028867 0.039954
0 0.190961 0.674658 0.025258 0.039954
0 0.215137 0.888223 0.025980 0.039003
0 0.174001 0.571728 0.031754 0.039954
0 0.316892 0.628805 0.028867 0.047565
0 0.340708 0.563642 0.030310 0.048516
0 0.424421 0.584570 0.027424 0.050419
0 0.464474 0.479928 0.029589 0.048516
0 0.364883 0.507991 0.026702 0.051370
0 0.612345 0.224505 0.025980 0.039954
0 0.615953 0.277778 0.034640 0.036149
0 0.571209 0.406202 0.025980 0.045662
0 0.539095 0.490868 0.028145 0.045662
0 0.666470 0.359113 0.025980 0.044711
0 0.668996 0.172184 0.025258 0.041857
0 0.623170 0.097983 0.021650 0.038052
0 0.755957 0.025209 0.024537 0.040906
0 0.842197 0.101313 0.026702 0.044711
0 0.865290 0.255137 0.020928 0.038052
0 0.757400 0.311263 0.024537 0.039954
0 0.781937 0.446252 0.027424 0.040906
0 0.584560 0.584094 0.022372 0.039954
0 0.471619 0.878234 0.023093 0.032344
0 0.480279 0.710807 0.025980 0.039954
0 0.557858 0.934836 0.029589 0.044711
0 0.650954 0.755993 0.028145 0.040906
0 0.661779 0.642789 0.028145 0.048516
0 0.672243 0.817352 0.020207 0.034247
0 0.717709 0.826389 0.028867 0.037100
0 0.851218 0.731735 0.021650 0.036149
0 0.775442 0.899639 0.030310 0.037100
0 0.620283 0.592846 0.033197 0.036149
0 0.698584 0.536720 0.026702 0.041857
0 0.742606 0.535769 0.025258 0.036149
0 0.854104 0.821157 0.027424 0.038052
0 0.831733 0.825438 0.027424 0.042808
0 0.898126 0.811168 0.025980 0.040906
0 0.971737 0.827340 0.027424 0.039003
0 0.888745 0.872527 0.024537 0.039954
0 0.956149 0.694349 0.021650 0.042808
0 0.826970 0.611587 0.031754 0.029490
0 0.740369 0.177892 0.028867 0.038052
0 0.924395 0.691876 0.025980 0.039003
0 0.939911 0.782249 0.028145 0.042808
0 0.286582 0.921518 0.031754 0.042808
0 0.359832 0.773116 0.028145 0.044711
0 0.397359 0.963375 0.031032 0.042808