0 0.282252 0.469463 0.028867 0.050419
0 0.432215 0.205479 0.031754 0.039954
0 0.553817 0.109874 0.026702 0.039003
0 0.530724 0.312500 0.023815 0.042808
0 0.575467 0.236396 0.025258 0.046613
0 0.391080 0.375761 0.023093 0.041857
0 0.374121 0.570586 0.026702 0.039954
0 0.409844 0.566781 0.027424 0.045662
0 0.328295 0.494007 0.024537 0.042808
0 0.304480 0.393170 0.027424 0.046613
0 0.294015 0.605308 0.029589 0.039003
0 0.465773 0.594368 0.032475 0.039954
0 0.523146 0.566781 0.025980 0.045662
0 0.562838 0.434075 0.027424 0.044711
0 0.130485 0.466324 0.032475 0.047565
0 0.282396 0.700818 0.028867 0.035198
0 0.342295 0.803082 0.024537 0.034247
0 0.279871 0.882991 0.029589 0.036149
0 0.392812 0.758371 0.025980 0.039954
0 0.427092 0.778824 0.025258 0.039003
0 0.286366 0.737919 0.025258 0.033295
0 0.254612 0.642314 0.029589 0.039954
0 0.480207 0.899163 0.023815 0.030441
0 0.610468 0.804985 0.024537 0.034247
0 0.538662 0.716039 0.023815 0.033295
0 0.519177 0.740297 0.028145 0.038052
0 0.360048 0.760750 0.027424 0.035198
0 0.613355 0.683695 0.027424 0.037100
0 0.574024 0.675609 0.026702 0.039954
0 0.654851 0.668950 0.028145 0.043760
0 0.646913 0.513984 0.026702 0.037100
0 0.548044 0.506374 0.028145 0.042808
0 0.430411 0.443113 0.023815 0.041857
0 0.177105 0.165049 0.026702 0.044711
0 0.339841 0.077530 0.033197 0.042808
0 0.713306 0.120339 0.023815 0.044711
0 0.749029 0.206906 0.025980 0.050419
0 0.744699 0.301560 0.028867 0.043760
0 0.817660 0.248288 0.028145 0.041857
0 0.918694 0.306317 0.028145 0.038052
0 0.888023 0.394787 0.024537 0.038052
0 0.983644 0.393170 0.020928 0.035198
0 0.694976 0.366533 0.023815 0.044711
0 0.829568 0.832097 0.023093 0.039003
0 0.807196 0.819254 0.025980 0.039954
0 0.763174 0.850171 0.023093 0.037100
0 0.717709 0.727454 0.024537 0.042808
0 0.882971 0.715088 0.027424 0.037100
0 0.951530 0.684646 0.024537 0.042808
0 0.939262 0.877283 0.028867 0.045662
0 0.974623 0.885845 0.027424 0.038052
0 0.902095 0.976693 0.022372 0.027588
0 0.667913 0.815449 0.023093 0.036149
0 0.472845 0.933885 0.026702 0.031393
0 0.311552 0.923421 0.030310 0.037100
0 0.435319 0.877283 0.028145 0.030441
0 0.365677 0.661815 0.028867 0.039003
0 0.316243 0.643265 0.029589 0.043760
0 0.501712 0.873002 0.031032 0.033295
0 0.432071 0.914859 0.028867 0.033295
0 0.583766 0.570110 0.020207 0.042808
0 0.603612 0.549182 0.025258 0.040906
0 0.730266 0.454053 0.024537 0.037100
0 0.830217 0.495719 0.026702 0.031393
0 0.795938 0.546613 0.027424 0.041857
0 0.714389 0.660293 0.024537 0.035198
0 0.642222 0.302987 0.027424 0.048516
0 0.364306 0.316305 0.028145 0.040906
0 0.280448 0.024734 0.020928 0.047565
0 0.419586 0.622622 0.028145 0.042808
0 0.489588 0.389079 0.025258 0.045662
0 0.717997 0.391933 0.020207 0.043760
0 0.677223 0.172184 0.022372 0.039954
0 0.492042 0.205479 0.023815 0.043760
0 0.862764 0.156963 0.027424 0.038052
0 0.984005 0.313642 0.027424 0.046613
0 0.437917 0.114631 0.029589 0.040906
0 0.226972 0.556031 0.027424 0.046613
0 0.259086 0.272546 0.029589 0.040906