0 0.469278 0.178664 0.024206 0.047714
0 0.495966 0.125980 0.026688 0.049702
0 0.562686 0.066337 0.022344 0.041750
0 0.552445 0.330753 0.022964 0.043738
0 0.573858 0.276577 0.022344 0.038768
0 0.632200 0.276577 0.022344 0.034791
0 0.601477 0.072799 0.021723 0.040756
0 0.457795 0.313854 0.026068 0.039762
0 0.402867 0.221408 0.025447 0.039762
0 0.352284 0.282045 0.023585 0.045726
0 0.246152 0.231846 0.023585 0.040756
0 0.256082 0.173694 0.024826 0.041750
0 0.371524 0.265941 0.024826 0.041750
0 0.425832 0.331548 0.021723 0.039762
0 0.436383 0.386717 0.021723 0.038768
0 0.360663 0.433437 0.024206 0.042744
0 0.304804 0.414054 0.025447 0.041750
0 0.243731 0.364351 0.027929 0.043738
0 0.194700 0.589701 0.030412 0.052684
0 0.257386 0.589204 0.026688 0.047714
0 0.186941 0.843679 0.029791 0.045726
0 0.156840 0.620019 0.031653 0.055666
0 0.069327 0.959485 0.026688 0.042744
0 0.363518 0.888411 0.031653 0.051690
0 0.387723 0.846164 0.029171 0.048708
0 0.370035 0.727873 0.029791 0.050696
0 0.407584 0.619025 0.030412 0.045726
0 0.507200 0.775090 0.028550 0.043738
0 0.509682 0.686123 0.027309 0.048708
0 0.515578 0.977009 0.027929 0.045982
0 0.410998 0.498249 0.024826 0.040756
0 0.442962 0.500237 0.027929 0.048708
0 0.675025 0.240295 0.022344 0.045726
0 0.681852 0.157789 0.019861 0.041750
0 0.711023 0.125980 0.021102 0.041750
0 0.753538 0.218426 0.024206 0.039762
0 0.713195 0.271607 0.020482 0.042744
0 0.559583 0.502921 0.026068 0.041750
0 0.561445 0.576977 0.026068 0.038768
0 0.602098 0.720616 0.022964 0.035786
0 0.596512 0.758390 0.030412 0.039762
0 0.621959 0.931652 0.027929 0.042744
0 0.445072 0.716441 0.025447 0.041750
0 0.742366 0.903321 0.030412 0.033797
0 0.706058 0.699543 0.026068 0.039762
0 0.772219 0.595963 0.029791 0.041750
0 0.683776 0.425386 0.022964 0.043738
0 0.715429 0.444272 0.025447 0.043738
0 0.731567 0.394073 0.024206 0.044732
0 0.757944 0.466141 0.021102 0.045726
0 0.872393 0.212959 0.024826 0.038768
0 0.882634 0.345663 0.021723 0.039762
0 0.835154 0.319818 0.021102 0.039762
0 0.807535 0.368029 0.024206 0.044732
0 0.918322 0.485128 0.026068 0.034791
0 0.815914 0.674195 0.024826 0.042744
0 0.904667 0.648349 0.028550 0.040756
0 0.936010 0.919226 0.024206 0.041750
0 0.728401 0.674195 0.024826 0.036780
0 0.899081 0.161766 0.027309 0.043738
0 0.966733 0.421409 0.021102 0.035786
0 0.977905 0.405008 0.022344 0.042744
0 0.824292 0.486519 0.024206 0.046720
0 0.960526 0.642087 0.023585 0.035786
0 0.816534 0.022103 0.018620 0.040756
0 0.337885 0.569224 0.027309 0.042744
0 0.684583 0.976881 0.027309 0.039762
0 0.695817 0.839206 0.022964 0.030815
0 0.985663 0.313755 0.022964 0.040756
0 0.895358 0.035522 0.022344 0.035786