0 0.397282 0.136914 0.031653 0.053678
0 0.455933 0.044966 0.032274 0.056660
0 0.496897 0.090194 0.034757 0.057654
0 0.556169 0.093177 0.025447 0.051690
0 0.629096 0.100135 0.028550 0.045726
0 0.634682 0.057391 0.027309 0.051690
0 0.660750 0.167233 0.029791 0.046720
0 0.706368 0.174688 0.030412 0.047714
0 0.281529 0.322502 0.037239 0.050696
0 0.301390 0.381151 0.029791 0.050696
0 0.338009 0.408984 0.031033 0.050696
0 0.336147 0.461668 0.037239 0.048708
0 0.302632 0.501927 0.033515 0.053678
0 0.423039 0.504909 0.034757 0.041750
0 0.414970 0.428865 0.031033 0.050696
0 0.440727 0.348347 0.026688 0.056660
0 0.491311 0.256895 0.026068 0.054672
0 0.512103 0.279261 0.022964 0.043738
0 0.556790 0.320017 0.026688 0.041750
0 0.567341 0.271309 0.021723 0.045726
0 0.559583 0.021737 0.031033 0.043474
0 0.240007 0.434233 0.034136 0.054672
0 0.246214 0.781551 0.034136 0.052684
0 0.227594 0.910280 0.034136 0.071571
0 0.320072 0.773599 0.039101 0.058649
0 0.419998 0.798947 0.031653 0.057654
0 0.442651 0.784036 0.031033 0.053678
0 0.457547 0.734831 0.035998 0.060637
0 0.442651 0.643876 0.035998 0.055666
0 0.508441 0.627475 0.032274 0.050696
0 0.541646 0.542981 0.037860 0.052684
0 0.551080 0.799941 0.034136 0.045726
0 0.560079 0.715447 0.033515 0.061631
0 0.618421 0.745766 0.029791 0.046720
0 0.628041 0.814852 0.031653 0.051690
0 0.564424 0.953521 0.035998 0.042744
0 0.514772 0.974524 0.033515 0.050952
0 0.609732 0.963461 0.028550 0.050696
0 0.696934 0.940101 0.032895 0.051690
0 0.797790 0.862069 0.034757 0.048708
0 0.801514 0.790995 0.032274 0.039762
0 0.663729 0.762664 0.032274 0.048708
0 0.543322 0.451231 0.032274 0.047714
0 0.587078 0.559581 0.030412 0.045726
0 0.596698 0.409083 0.024826 0.045726
0 0.637041 0.468726 0.023585 0.037774
0 0.633627 0.373795 0.025447 0.042744
0 0.681728 0.331548 0.031033 0.035786
0 0.664660 0.259480 0.024206 0.044732
0 0.544191 0.482941 0.026068 0.032803
0 0.705871 0.752724 0.026688 0.046720
0 0.673908 0.623001 0.032274 0.055666
0 0.710837 0.530555 0.022964 0.047714
0 0.733491 0.458984 0.031033 0.047714
0 0.756951 0.436618 0.028550 0.052684
0 0.758813 0.291985 0.023585 0.051690
0 0.687748 0.019749 0.026688 0.039498
0 0.790156 0.271110 0.025447 0.051690
0 0.829568 0.875985 0.024826 0.042744
0 0.841360 0.809384 0.026068 0.042744
0 0.883255 0.834235 0.027929 0.046720
0 0.900323 0.798450 0.027309 0.040756
0 0.906529 0.722903 0.032274 0.048708
0 0.861842 0.572802 0.029791 0.052684
0 0.825223 0.646361 0.024826 0.044732
0 0.800087 0.404908 0.030412 0.049702
0 0.746711 0.083733 0.020482 0.042744
0 0.801639 0.173694 0.026068 0.049702
0 0.901254 0.297452 0.032895 0.044732
0 0.843533 0.192581 0.031653 0.047714
0 0.910564 0.488706 0.026688 0.036780
0 0.877669 0.416141 0.027929 0.050696
0 0.924528 0.612564 0.027309 0.044732
0 0.987711 0.647355 0.024578 0.054672
0 0.974181 0.461668 0.028550 0.050696
0 0.898461 0.221010 0.023585 0.045726
0 0.602098 0.642882 0.032895 0.047714
0 0.926701 0.260176 0.025447 0.045726
0 0.708851 0.095165 0.026688 0.047714
0 0.739759 0.743281 0.027929 0.047714
1 0.656486 0.895679 0.123821 0.130319