0 0.328389 0.261667 0.030412 0.046720
0 0.259186 0.213953 0.027309 0.042744
0 0.293322 0.463457 0.027309 0.042744
0 0.328078 0.410773 0.024826 0.038768
0 0.436383 0.493776 0.027929 0.041750
0 0.444141 0.445068 0.028550 0.047714
0 0.437314 0.206796 0.026068 0.040756
0 0.453141 0.304709 0.027929 0.041750
0 0.504034 0.332045 0.030412 0.046720
0 0.490690 0.236120 0.026068 0.043738
0 0.546859 0.339003 0.027929 0.044732
0 0.581616 0.309679 0.026688 0.041750
0 0.584719 0.428865 0.022964 0.042744
0 0.293322 0.567136 0.022344 0.035786
0 0.244911 0.533339 0.026068 0.043738
0 0.257013 0.751432 0.027929 0.047714
0 0.286805 0.954515 0.029171 0.048708
0 0.412798 0.878967 0.032895 0.048708
0 0.475484 0.840697 0.026688 0.043738
0 0.399454 0.669224 0.026068 0.050696
0 0.371835 0.714453 0.025447 0.041750
0 0.478587 0.654314 0.026688 0.042744
0 0.543446 0.946562 0.028550 0.044732
0 0.616994 0.964455 0.027929 0.040756
0 0.623510 0.926184 0.027309 0.039762
0 0.387289 0.975887 0.027309 0.041750
0 0.221264 0.920717 0.026688 0.042744
0 0.180300 0.817834 0.029171 0.041750
0 0.128165 0.802426 0.030412 0.046720
0 0.177197 0.731352 0.029171 0.055666
0 0.297480 0.757992 0.034384 0.037376
0 0.208851 0.417831 0.027929 0.055666
0 0.619414 0.148346 0.024826 0.042744
0 0.651378 0.326777 0.021723 0.037774
0 0.517627 0.022234 0.023585 0.044468
0 0.706306 0.181149 0.023585 0.036780
0 0.680238 0.242482 0.029791 0.049702
0 0.742304 0.322999 0.019861 0.035786
0 0.635861 0.485227 0.024206 0.041750
0 0.561010 0.627972 0.029171 0.043738
0 0.519737 0.545963 0.026068 0.040756
0 0.474739 0.719423 0.027929 0.041750
0 0.605387 0.621013 0.026068 0.047714
0 0.651316 0.625983 0.026068 0.039762
0 0.468843 0.980488 0.033515 0.039024
0 0.741000 0.914753 0.029171 0.040756
0 0.701279 0.851631 0.027929 0.039762
0 0.745966 0.826283 0.022964 0.032803
0 0.792825 0.740298 0.029791 0.047714
0 0.841236 0.771611 0.023585 0.038768
0 0.751241 0.547951 0.022344 0.040756
0 0.587699 0.784036 0.022964 0.041750
0 0.868980 0.943083 0.031653 0.041750
0 0.963940 0.930161 0.029171 0.043738
0 0.815914 0.548548 0.017378 0.038768
0 0.885737 0.508686 0.022964 0.043738
0 0.962388 0.466440 0.023585 0.038768
0 0.930735 0.267730 0.028550 0.043738
0 0.602408 0.017562 0.022344 0.035124
0 0.828947 0.153416 0.019861 0.039762
0 0.829878 0.315445 0.026688 0.039762
0 0.873324 0.367135 0.024206 0.043738
0 0.516944 0.458984 0.025447 0.045726
0 0.926390 0.694572 0.019861 0.037774
0 0.533391 0.797555 0.029791 0.043738
0 0.241063 0.483935 0.027309 0.048708