0 0.090663 0.101839 0.026664 0.037851
0 0.296795 0.094629 0.030082 0.039654
0 0.277310 0.168980 0.026664 0.038753
0 0.149119 0.267664 0.030082 0.039654
0 0.119036 0.351027 0.025980 0.040555
0 0.230819 0.298306 0.026664 0.043259
0 0.486177 0.101388 0.027348 0.045963
0 0.485835 0.186554 0.026664 0.043259
0 0.538821 0.090573 0.027348 0.040555
0 0.508055 0.021629 0.027348 0.037851
0 0.329954 0.184301 0.026664 0.042358
0 0.443788 0.384823 0.030082 0.043259
0 0.398323 0.354182 0.026664 0.039654
0 0.401742 0.484859 0.026664 0.039654
0 0.357644 0.422224 0.027348 0.044160
0 0.226375 0.362924 0.027348 0.040555
0 0.232529 0.492700 0.025980 0.038753
0 0.209283 0.493151 0.025980 0.036049
0 0.196293 0.543619 0.027348 0.039654
0 0.146384 0.558940 0.025980 0.039654
0 0.253723 0.705930 0.028715 0.042358
0 0.210309 0.804164 0.022562 0.038753
0 0.165869 0.908255 0.026664 0.032444
0 0.140573 0.978100 0.025296 0.036950
0 0.314913 0.790645 0.028031 0.036950
0 0.354567 0.738374 0.023929 0.036950
0 0.334398 0.922675 0.024613 0.034247
0 0.397981 0.934841 0.020511 0.033345
0 0.429431 0.884823 0.021878 0.037851
0 0.408920 0.859589 0.019143 0.032444
0 0.483100 0.873558 0.026664 0.033345
0 0.372343 0.618962 0.028031 0.039654
0 0.401742 0.562185 0.021194 0.036049
0 0.466350 0.587419 0.025980 0.039654
0 0.491988 0.391132 0.022562 0.036049
0 0.453360 0.313176 0.024613 0.035148
0 0.270473 0.435652 0.028031 0.045061
0 0.362771 0.203226 0.025296 0.040555
0 0.567878 0.271720 0.026664 0.038753
0 0.642058 0.281633 0.021878 0.038753
0 0.632145 0.322188 0.022562 0.035148
0 0.622231 0.234769 0.024613 0.035148
0 0.683079 0.195566 0.024613 0.039654
0 0.718631 0.128875 0.021878 0.036049
0 0.721708 0.093727 0.023929 0.039654
0 0.812775 0.125811 0.030766 0.045061
0 0.863026 0.188897 0.024613 0.041456
0 0.872598 0.271810 0.030082 0.045061
0 0.903364 0.324531 0.028715 0.035148
0 0.839439 0.165916 0.026664 0.036950
0 0.795683 0.372296 0.028031 0.036950
0 0.747141 0.437545 0.029399 0.040555
0 0.613822 0.492069 0.029399 0.036049
0 0.540667 0.525054 0.026664 0.032444
0 0.707145 0.536410 0.021878 0.032444
0 0.916696 0.471972 0.023929 0.031543
0 0.696548 0.607967 0.026664 0.036049
0 0.602541 0.649874 0.025980 0.040555
0 0.569382 0.544430 0.021194 0.029740
0 0.578270 0.809211 0.025296 0.031543
0 0.558101 0.920422 0.024613 0.033345
0 0.591602 0.963681 0.020511 0.031543
0 0.546137 0.986572 0.023929 0.026856
0 0.683900 0.889780 0.019143 0.029740
0 0.712273 0.915465 0.021194 0.028839
0 0.731758 0.862293 0.017776 0.030642
0 0.686293 0.737473 0.023929 0.036950
0 0.730391 0.700072 0.025980 0.039654
0 0.643562 0.707282 0.020511 0.036049
0 0.877042 0.846071 0.019827 0.037851
1 0.882511 0.792448 0.037603 0.137888
0 0.756029 0.927181 0.023929 0.034247
0 0.973442 0.847873 0.021194 0.036049
0 0.920798 0.781182 0.022562 0.034247
0 0.815168 0.857787 0.024613 0.034247
0 0.875674 0.663572 0.026664 0.029740
0 0.909175 0.689708 0.022562 0.031543
0 0.862684 0.976298 0.025296 0.035148
0 0.813459 0.629776 0.021194 0.037851
0 0.657920 0.764059 0.027348 0.036049
0 0.705436 0.773071 0.025296 0.034247