0 0.473972 0.045510 0.031166 0.043170
0 0.544306 0.141968 0.028639 0.047217
0 0.500084 0.232355 0.032850 0.044519
0 0.345098 0.282945 0.036220 0.048566
0 0.325303 0.204699 0.033693 0.045868
0 0.401533 0.348374 0.034535 0.047217
0 0.369525 0.363888 0.032850 0.048566
0 0.343413 0.434039 0.027796 0.037774
0 0.311826 0.517681 0.038747 0.059359
0 0.326567 0.671608 0.042958 0.052613
0 0.437332 0.478693 0.035377 0.049915
0 0.488713 0.583920 0.030323 0.052613
0 0.525354 0.583245 0.027796 0.043170
0 0.568312 0.600783 0.026112 0.043170
0 0.537989 0.665538 0.032850 0.056660
0 0.550623 0.467226 0.032850 0.056660
0 0.626011 0.427429 0.035377 0.047217
0 0.653386 0.501627 0.029481 0.039123
0 0.552308 0.337582 0.031166 0.047217
0 0.580947 0.341629 0.031166 0.047217
0 0.696344 0.358492 0.026112 0.048566
0 0.666863 0.254614 0.026112 0.048566
0 0.737197 0.282945 0.030323 0.048566
0 0.358996 0.182440 0.033693 0.055311
0 0.413325 0.427294 0.039589 0.062057
0 0.240229 0.516062 0.035377 0.056660
0 0.201904 0.820814 0.039589 0.052613
0 0.366156 0.902432 0.036220 0.051264
0 0.481553 0.841724 0.031166 0.051264
0 0.631486 0.907154 0.037904 0.055311
0 0.607648 0.810696 0.032345 0.048566
0 0.666442 0.795856 0.028639 0.045868
0 0.702662 0.833630 0.033693 0.051264
0 0.703083 0.874776 0.026112 0.041821
0 0.748989 0.863984 0.032008 0.049915
0 0.820586 0.831607 0.026954 0.039123
0 0.842908 0.921319 0.034535 0.053962
0 0.732143 0.713564 0.028639 0.040472
0 0.735091 0.575286 0.026112 0.052613
0 0.665600 0.564493 0.026954 0.041821
0 0.800792 0.549653 0.034535 0.044519
0 0.444407 0.131176 0.033693 0.049915
0 0.690364 0.092727 0.028639 0.045868
0 0.695418 0.173671 0.032008 0.051264
0 0.772911 0.193907 0.026954 0.051264
0 0.866408 0.179742 0.030323 0.052613
0 0.913157 0.071143 0.027796 0.040472
0 0.974225 0.256638 0.025270 0.055311
0 0.946007 0.302506 0.029481 0.049915
0 0.870620 0.359841 0.033693 0.045868
0 0.835664 0.360516 0.032850 0.047217
0 0.945165 0.374006 0.026112 0.047217
0 0.933794 0.458997 0.032008 0.044519
0 0.854195 0.509586 0.031166 0.048566
0 0.787652 0.088680 0.032850 0.045868
0 0.840718 0.245846 0.034535 0.049915
0 0.853352 0.705470 0.032850 0.043170
0 0.867251 0.662300 0.025270 0.032377
0 0.889572 0.600243 0.039589 0.064755
0 0.922844 0.722333 0.026954 0.044519
0 0.900522 0.490295 0.032850 0.044519
0 0.820923 0.414748 0.033693 0.044519
0 0.960327 0.867357 0.027796 0.048566
0 0.643194 0.856564 0.035377 0.053962
0 0.407345 0.935484 0.028639 0.033726
0 0.396816 0.894338 0.036220 0.053962
0 0.376179 0.590665 0.035377 0.052613
0 0.221530 0.317346 0.035377 0.055311
0 0.139825 0.678893 0.042116 0.071500
0 0.610344 0.274176 0.033693 0.052613
0 0.763224 0.471543 0.029481 0.048566
0 0.440195 0.275930 0.030323 0.040472
0 0.332379 0.075190 0.023585 0.035076