0 0.416522 0.191587 0.027929 0.043738
0 0.460899 0.117531 0.032274 0.044732
0 0.510241 0.042480 0.029171 0.041750
0 0.554369 0.297949 0.031778 0.049702
0 0.449417 0.175682 0.026688 0.041750
0 0.441969 0.298943 0.030412 0.045726
0 0.289598 0.422503 0.032274 0.046720
0 0.283391 0.529363 0.029791 0.039762
0 0.554618 0.468726 0.026068 0.041750
0 0.361284 0.292880 0.032895 0.040756
0 0.675645 0.209977 0.024826 0.046720
0 0.746090 0.238307 0.026688 0.041750
0 0.706368 0.347155 0.027929 0.044732
0 0.791087 0.134926 0.024826 0.047714
0 0.939114 0.095662 0.025447 0.042744
0 0.903426 0.348149 0.028550 0.050696
0 0.791087 0.354610 0.026068 0.035786
0 0.791398 0.426181 0.022964 0.029821
0 0.670680 0.397354 0.028550 0.041750
0 0.635303 0.383437 0.027309 0.035786
0 0.898771 0.252223 0.024206 0.043738
0 0.627545 0.100135 0.029171 0.045726
0 0.950596 0.170712 0.024826 0.039762
0 0.808466 0.088206 0.022344 0.041750
0 0.544998 0.154807 0.026688 0.033797
0 0.688059 0.517732 0.026068 0.038768
0 0.709782 0.506301 0.024826 0.037774
0 0.596512 0.498845 0.030412 0.046720
0 0.532584 0.496460 0.029171 0.042744
0 0.482622 0.501430 0.028550 0.042744
0 0.592167 0.670417 0.030412 0.040756
0 0.651750 0.608787 0.030412 0.040756
0 0.715057 0.558090 0.027929 0.040756
0 0.804431 0.598846 0.031653 0.048708
0 0.792018 0.527772 0.024206 0.035786
0 0.842291 0.553617 0.026688 0.041750
0 0.922046 0.763857 0.022344 0.044732
0 0.893185 0.750438 0.025447 0.039762
0 0.888220 0.622703 0.025447 0.046720
0 0.873635 0.586421 0.027309 0.041750
0 0.873014 0.523299 0.022344 0.034791
0 0.870531 0.437811 0.027309 0.042744
0 0.846636 0.702227 0.024206 0.032803
0 0.851912 0.739503 0.022344 0.035786
0 0.835154 0.785030 0.026068 0.037774
0 0.748572 0.713956 0.024206 0.044732
0 0.737401 0.752724 0.025447 0.036780
0 0.718781 0.811869 0.025447 0.041750
0 0.678128 0.870518 0.024826 0.039762
0 0.611718 0.821313 0.033515 0.036780
0 0.904667 0.910280 0.028550 0.039762
0 0.987711 0.805408 0.024578 0.038768
0 0.624752 0.639900 0.032274 0.039762
0 0.841360 0.853122 0.029791 0.044732
0 0.759744 0.869524 0.026688 0.037774
0 0.716609 0.859584 0.027309 0.033797
0 0.933528 0.455406 0.026688 0.043738
0 0.973250 0.378367 0.024206 0.042744
0 0.231504 0.353815 0.034757 0.053678
0 0.439734 0.492981 0.026688 0.049702
0 0.482560 0.301130 0.030412 0.051690
0 0.368980 0.360773 0.027929 0.039762
0 0.379841 0.699841 0.031033 0.052684
0 0.444700 0.613359 0.032895 0.044732
0 0.338257 0.794275 0.032274 0.050696
0 0.197058 0.856900 0.035377 0.056660
0 0.166646 0.778867 0.031653 0.057654
0 0.143682 0.700338 0.027929 0.047714
0 0.193644 0.499939 0.028550 0.049702
0 0.265641 0.300733 0.029791 0.047714
0 0.357808 0.926184 0.031653 0.047714
0 0.521040 0.529064 0.029171 0.040756
0 0.957423 0.811372 0.028550 0.036780
0 0.655785 0.913759 0.028550 0.038768
0 0.402992 0.648846 0.029171 0.047714
0 0.244104 0.751233 0.030412 0.047714
0 0.318893 0.367532 0.031033 0.039762