0 0.402860 0.169668 0.032429 0.049578
0 0.524838 0.140748 0.025796 0.046037
0 0.541421 0.091760 0.025059 0.040134
0 0.594119 0.107696 0.025796 0.048397
0 0.697302 0.279448 0.030218 0.044856
0 0.733417 0.221017 0.025796 0.046037
0 0.388856 0.277677 0.028007 0.053119
0 0.334316 0.441993 0.028007 0.043676
0 0.415389 0.376479 0.029481 0.042495
0 0.510097 0.480357 0.024322 0.042495
0 0.586748 0.494522 0.031692 0.042495
0 0.587854 0.444354 0.025059 0.036593
0 0.448555 0.269060 0.026533 0.049578
0 0.374116 0.617876 0.028007 0.048397
0 0.408387 0.437979 0.028744 0.048397
0 0.376695 0.467608 0.027270 0.040134
0 0.230027 0.780303 0.031692 0.053119
0 0.507886 0.799780 0.030218 0.051939
0 0.550265 0.743710 0.032429 0.050758
0 0.573777 0.658719 0.026680 0.043676
0 0.574219 0.844636 0.025796 0.040134
0 0.562426 0.859981 0.027270 0.047217
0 0.572376 0.942611 0.026533 0.042495
0 0.570534 0.979569 0.031692 0.040862
0 0.262456 0.706526 0.030218 0.051939
0 0.265478 0.908379 0.036851 0.051939
0 0.783756 0.963859 0.026533 0.047217
0 0.776386 0.821027 0.029481 0.044856
0 0.789652 0.791517 0.026533 0.042495
0 0.643721 0.744890 0.026533 0.041315
0 0.667674 0.694722 0.028744 0.044856
0 0.560436 0.687639 0.025059 0.042495
0 0.831294 0.936119 0.024322 0.046037
0 0.912367 0.955596 0.034640 0.040134
0 0.986586 0.949694 0.026828 0.037774
0 0.713370 0.621299 0.025796 0.044856
0 0.735849 0.595920 0.028007 0.043676
0 0.802550 0.672648 0.025796 0.036593
0 0.777491 0.552244 0.025796 0.046037
0 0.825029 0.596510 0.026533 0.037774
0 0.947008 0.743710 0.022848 0.043676
0 0.989903 0.763187 0.020194 0.042495
0 0.883623 0.230224 0.025796 0.048397
0 0.718897 0.135200 0.028007 0.047217
0 0.616819 0.298689 0.027270 0.043676
0 0.926002 0.175335 0.023585 0.047217
0 0.869620 0.476343 0.027270 0.044856
0 0.963222 0.216649 0.030218 0.051939
0 0.934847 0.807453 0.030955 0.041315
0 0.894679 0.577269 0.031692 0.046037
0 0.459463 0.613863 0.026533 0.046037
0 0.769015 0.266463 0.026533 0.040134