0 0.040653 0.141981 0.025980 0.042808
0 0.207088 0.065996 0.025439 0.042095
0 0.280970 0.039954 0.025980 0.035674
0 0.312362 0.283248 0.024898 0.038527
0 0.227385 0.369221 0.022733 0.039241
0 0.116429 0.377925 0.028145 0.040668
0 0.070963 0.534389 0.024898 0.044235
0 0.099650 0.812857 0.028145 0.044949
0 0.114264 0.975885 0.025980 0.039954
0 0.149174 0.924515 0.027604 0.039954
0 0.223326 0.807862 0.024356 0.036387
0 0.252824 0.962329 0.025980 0.038527
0 0.345920 0.917737 0.024898 0.037814
0 0.347544 0.716538 0.025980 0.040668
0 0.392468 0.748288 0.025980 0.038527
0 0.254989 0.515696 0.023815 0.037100
0 0.292606 0.445776 0.023274 0.039954
0 0.342131 0.446490 0.027063 0.039954
0 0.370818 0.589184 0.024898 0.038527
0 0.362374 0.378496 0.023815 0.040668
0 0.403780 0.366010 0.024356 0.031393
0 0.459258 0.306079 0.022733 0.035674
0 0.502829 0.319278 0.024356 0.034960
0 0.516902 0.183005 0.023274 0.037814
0 0.450598 0.156250 0.023815 0.035674
0 0.429760 0.153753 0.024356 0.034960
0 0.378070 0.121290 0.023815 0.035674
0 0.611188 0.188356 0.024356 0.039954
0 0.594680 0.304652 0.023815 0.035674
0 0.666937 0.362800 0.027604 0.040668
0 0.648805 0.089897 0.025980 0.044235
0 0.801655 0.080622 0.022733 0.037100
0 0.864982 0.089541 0.021650 0.039241
0 0.947252 0.215468 0.024898 0.039954
0 0.709101 0.297160 0.022733 0.042095
0 0.782982 0.339326 0.021109 0.037100
0 0.880678 0.463970 0.025980 0.040668
0 0.801114 0.429366 0.024898 0.039954
0 0.828718 0.536387 0.025980 0.038527
0 0.860381 0.522831 0.026521 0.038527
0 0.860111 0.583119 0.023815 0.033533
0 0.783253 0.616296 0.024898 0.035674
0 0.628725 0.562429 0.024356 0.040668
0 0.568375 0.609874 0.023815 0.038527
0 0.591378 0.649472 0.022191 0.039241
0 0.598685 0.407677 0.028145 0.038527
0 0.598956 0.497574 0.023274 0.034247
0 0.448379 0.565354 0.026521 0.039954
0 0.514953 0.853881 0.026521 0.038527
0 0.621851 0.759703 0.022733 0.031393
0 0.660009 0.811787 0.022191 0.035674
0 0.595059 0.823916 0.024356 0.035674
0 0.749857 0.910959 0.022191 0.035674
0 0.831424 0.787172 0.022733 0.033533
0 0.914236 0.486373 0.023815 0.032106
0 0.691240 0.579909 0.028145 0.041381
0 0.672566 0.626641 0.028686 0.042095
0 0.726962 0.685788 0.024898 0.035674
0 0.692863 0.839612 0.027063 0.041381
0 0.912612 0.741510 0.021650 0.033533
0 0.861193 0.809289 0.023815 0.036387
0 0.802197 0.935574 0.024898 0.042095
0 0.901787 0.934147 0.023815 0.036387
0 0.372441 0.812143 0.023815 0.032106
0 0.447134 0.890982 0.022733 0.039954
0 0.539851 0.636772 0.024356 0.034960
0 0.921002 0.140910 0.024356 0.040668
0 0.946441 0.536958 0.031934 0.039954
0 0.828989 0.612086 0.025439 0.039241
0 0.634180 0.857135 0.018619 0.030251
0 0.173451 0.466721 0.023721 0.037969
0 0.111946 0.042808 0.023156 0.037969
0 0.619293 0.753797 0.000000 0.001340
0 0.764330 0.750000 0.024851 0.040203