0 0.411478 0.025016 0.034591 0.050031
0 0.356447 0.097248 0.025157 0.054142
0 0.468868 0.252750 0.028302 0.055401
0 0.392217 0.310040 0.025943 0.049106
0 0.266431 0.365441 0.027516 0.061697
0 0.305739 0.327038 0.035377 0.055401
0 0.275079 0.490094 0.029088 0.054142
0 0.260535 0.637789 0.034591 0.067993
0 0.205896 0.543984 0.025943 0.044069
0 0.173270 0.572944 0.029874 0.054142
0 0.242453 0.748214 0.036164 0.054142
0 0.197248 0.836352 0.025943 0.051624
0 0.405425 0.647484 0.029088 0.056660
0 0.399921 0.835093 0.027516 0.049106
0 0.382233 0.851462 0.028302 0.059179
0 0.386557 0.904345 0.029088 0.041551
0 0.352359 0.625449 0.040881 0.057920
0 0.397563 0.502685 0.025943 0.041551
0 0.456525 0.529127 0.027516 0.059179
0 0.506447 0.704144 0.028302 0.049106
0 0.536714 0.714217 0.024371 0.049106
0 0.559906 0.706033 0.025157 0.050365
0 0.543789 0.887346 0.022799 0.052883
0 0.594890 0.960375 0.022799 0.047847
0 0.485613 0.490723 0.021226 0.047847
0 0.532390 0.548013 0.026730 0.049106
0 0.572484 0.520313 0.025157 0.044069
0 0.600393 0.609710 0.016509 0.041551
0 0.545755 0.291531 0.025157 0.050365
0 0.361792 0.494249 0.026730 0.042810
0 0.509984 0.206540 0.027516 0.049106
0 0.581132 0.102662 0.023585 0.050365
0 0.572091 0.357005 0.029088 0.045328
0 0.613758 0.249350 0.027516 0.054142
0 0.708255 0.308529 0.025943 0.046587
0 0.795126 0.270125 0.023585 0.052883
0 0.598978 0.798578 0.022799 0.046587
0 0.628459 0.847684 0.028302 0.049106
0 0.670519 0.916936 0.025943 0.054142
0 0.699607 0.843277 0.024371 0.047847
0 0.668160 0.764582 0.024371 0.051624
0 0.676808 0.634893 0.027516 0.059179
0 0.643396 0.653150 0.025157 0.050365
0 0.704324 0.555568 0.021226 0.046587
0 0.730660 0.559975 0.025157 0.042810
0 0.738915 0.473096 0.022799 0.047847
0 0.668947 0.087805 0.027516 0.052883
0 0.759355 0.272266 0.030660 0.044069
0 0.744418 0.167759 0.022799 0.044069
0 0.844654 0.298708 0.026730 0.044069
0 0.875314 0.031774 0.022013 0.036515
0 0.622170 0.407118 0.026730 0.050365
0 0.766431 0.871607 0.025943 0.041551
0 0.856053 0.801726 0.025943 0.047847
0 0.766824 0.654409 0.023585 0.047847
0 0.803380 0.681480 0.024371 0.046587
0 0.846226 0.558086 0.026730 0.046587
0 0.814387 0.447913 0.024371 0.040292
0 0.880031 0.665741 0.023585 0.045328
0 0.862343 0.680221 0.022799 0.041551
0 0.886321 0.710440 0.022013 0.041551
0 0.805346 0.850202 0.029874 0.036515
0 0.504638 0.910640 0.025943 0.046587
0 0.696462 0.594979 0.022799 0.042810
0 0.761714 0.560605 0.024371 0.041551
0 0.610770 0.310040 0.021226 0.036515
0 0.880031 0.234492 0.028302 0.046587
0 0.918553 0.332074 0.023585 0.045328
0 0.969261 0.315076 0.024371 0.044069
0 0.942138 0.661334 0.023585 0.046587
0 0.978302 0.702256 0.025157 0.045328
0 0.964151 0.913158 0.023585 0.049106
0 0.712972 0.043736 0.027516 0.052883
0 0.984984 0.036181 0.027516 0.047847
0 0.896148 0.411777 0.032233 0.054142
0 0.940566 0.369596 0.023585 0.047847
0 0.984198 0.476999 0.029088 0.049106
0 0.510142 0.770878 0.029088 0.049106
0 0.445755 0.652143 0.022013 0.052883