0 0.164834 0.105277 0.032235 0.044394
0 0.200677 0.220700 0.025018 0.039320
0 0.179749 0.238775 0.028386 0.043760
0 0.082323 0.346144 0.033678 0.046930
0 0.158820 0.317288 0.027905 0.039954
0 0.285546 0.403158 0.029829 0.042491
0 0.233585 0.405061 0.024056 0.041223
0 0.236953 0.711314 0.026942 0.035515
0 0.319753 0.621131 0.027424 0.039320
0 0.293773 0.699899 0.024537 0.034247
0 0.338516 0.664384 0.027424 0.040589
0 0.376524 0.885972 0.026461 0.038052
0 0.143184 0.940195 0.030310 0.036149
0 0.296178 0.946537 0.028386 0.041223
0 0.464568 0.960807 0.026461 0.040589
0 0.261490 0.165525 0.024056 0.041857
0 0.348812 0.105277 0.025499 0.036783
0 0.401254 0.051370 0.019726 0.034247
0 0.425309 0.035832 0.023575 0.033612
0 0.466204 0.244482 0.021650 0.036149
0 0.418333 0.302385 0.019245 0.034247
0 0.439983 0.349315 0.024056 0.038052
0 0.362764 0.371892 0.019726 0.035515
0 0.339911 0.558917 0.022131 0.034881
0 0.382250 0.596017 0.023093 0.031710
0 0.604620 0.961441 0.025980 0.038052
0 0.569499 0.674277 0.021169 0.038052
0 0.493724 0.563483 0.025499 0.033612
0 0.428773 0.493087 0.027424 0.038686
0 0.580084 0.410008 0.025018 0.034881
0 0.519944 0.293633 0.025980 0.038052
0 0.557712 0.260020 0.019726 0.036783
0 0.598125 0.175736 0.021650 0.039954
0 0.619535 0.102803 0.023093 0.034881
0 0.512968 0.159881 0.023575 0.037418
0 0.471592 0.074264 0.020688 0.036149
0 0.698582 0.224886 0.022612 0.038052
0 0.681262 0.146246 0.021650 0.034247
0 0.739958 0.096461 0.020688 0.039954
0 0.709648 0.051750 0.024537 0.039320
0 0.407460 0.985287 0.020207 0.029426
0 0.389178 0.967149 0.024056 0.032978
0 0.332647 0.774987 0.021650 0.038052
0 0.571568 0.967783 0.021650 0.030441
0 0.720713 0.899924 0.026461 0.032978
0 0.728892 0.842529 0.021650 0.033612
0 0.749821 0.974125 0.024056 0.031710
0 0.640127 0.794964 0.024056 0.033612
0 0.600675 0.825406 0.023093 0.032344
0 0.534763 0.773719 0.025018 0.034247
0 0.472218 0.861555 0.026942 0.038686
0 0.622807 0.682331 0.022131 0.042491
0 0.653838 0.667428 0.020688 0.036783
0 0.641329 0.699138 0.019726 0.027905
0 0.640127 0.543696 0.024056 0.039954
0 0.516721 0.571220 0.019726 0.034881
0 0.508301 0.439878 0.024056 0.036783
0 0.604187 0.452816 0.020688 0.038052
0 0.703537 0.378615 0.022131 0.036783
0 0.810633 0.025685 0.023093 0.037418
0 0.829397 0.062785 0.022131 0.035515
0 0.867886 0.089105 0.021169 0.038686
0 0.845274 0.079909 0.023093 0.040589
0 0.714892 0.309424 0.022131 0.039954
0 0.744480 0.264713 0.028386 0.039320
0 0.835892 0.212392 0.020688 0.038686
0 0.878230 0.230784 0.024537 0.034881
0 0.972047 0.281266 0.022612 0.036149
0 0.967477 0.244482 0.019245 0.037418
0 0.891461 0.348047 0.019245 0.038052
0 0.858264 0.334411 0.026942 0.039954
0 0.797643 0.412671 0.025018 0.034881
0 0.768055 0.408866 0.023575 0.041223
0 0.742315 0.423770 0.025018 0.039320
0 0.725957 0.134576 0.023093 0.034247
0 0.709118 0.512938 0.022131 0.038052
0 0.745683 0.698503 0.017320 0.029173
0 0.727160 0.765728 0.019726 0.032978
0 0.775272 0.777461 0.022612 0.033612
0 0.701661 0.627600 0.025499 0.032978
0 0.785856 0.861872 0.020688 0.030441
0 0.812317 0.844115 0.025499 0.035515
0 0.787059 0.958270 0.026942 0.029173
0 0.853453 0.876142 0.021169 0.031076
0 0.905172 0.955733 0.021650 0.030441
0 0.956171 0.900875 0.022612 0.029807
0 0.852250 0.706621 0.023575 0.036783
0 0.916719 0.540018 0.027424 0.036149
0 0.894828 0.592339 0.023093 0.036783
0 0.870532 0.569191 0.023575 0.038686
0 0.837576 0.561898 0.023093 0.034247
0 0.801733 0.563039 0.025499 0.036783
0 0.937648 0.622844 0.029829 0.037418
0 0.528845 0.065005 0.025499 0.034881
0 0.600916 0.673009 0.027424 0.035515
0 0.921711 0.819583 0.027752 0.037360
0 0.560645 0.428082 0.020076 0.038917