0 0.639806 0.540304 0.024895 0.050365
2 0.618842 0.461609 0.066824 0.207755
0 0.390094 0.052633 0.024764 0.045328
0 0.457017 0.109765 0.027712 0.050050
0 0.492099 0.094656 0.030660 0.050050
0 0.355896 0.095128 0.025943 0.054772
0 0.380071 0.095600 0.028302 0.051939
0 0.347642 0.170675 0.025943 0.047217
0 0.298703 0.165954 0.022406 0.050994
0 0.293101 0.054522 0.028892 0.050994
0 0.284552 0.331213 0.034198 0.047217
0 0.339387 0.318465 0.027123 0.042495
0 0.433726 0.292967 0.029481 0.050050
0 0.335554 0.418281 0.030071 0.054772
0 0.232370 0.481552 0.025354 0.045328
0 0.204068 0.433863 0.034788 0.059493
0 0.224116 0.661544 0.028892 0.050994
0 0.286616 0.610077 0.026533 0.048161
0 0.269811 0.662488 0.027123 0.049106
0 0.303125 0.740868 0.028892 0.050994
0 0.166097 0.550961 0.028892 0.048161
0 0.062913 0.903767 0.032429 0.059493
0 0.347111 0.908489 0.031250 0.042495
0 0.383667 0.891018 0.027712 0.047217
0 0.430248 0.811694 0.030071 0.047217
0 0.380130 0.625659 0.033608 0.050994
0 0.518101 0.715371 0.028892 0.043440
0 0.528715 0.656822 0.030071 0.052883
0 0.562323 0.633213 0.028892 0.049106
0 0.583844 0.602522 0.024764 0.046273
0 0.553479 0.938235 0.028892 0.043440
0 0.551415 0.890074 0.033019 0.041551
0 0.638384 0.875909 0.024175 0.043440
0 0.641627 0.919821 0.027123 0.034941
0 0.697642 0.812166 0.028302 0.038718
0 0.728302 0.783364 0.029481 0.041551
0 0.401061 0.529997 0.027123 0.046273
0 0.443219 0.476170 0.025354 0.042495
0 0.542571 0.416959 0.030660 0.039662
0 0.523703 0.356238 0.025943 0.048161
0 0.585908 0.145650 0.025354 0.051939
0 0.664033 0.173981 0.030660 0.040607
0 0.690861 0.134790 0.022995 0.041551
0 0.649292 0.054994 0.027123 0.036829
0 0.359788 0.031857 0.025943 0.049106
0 0.655483 0.281730 0.026533 0.037774
0 0.717394 0.358694 0.026533 0.044384
0 0.710024 0.410160 0.030660 0.041551
0 0.689682 0.464932 0.020637 0.045328
0 0.709139 0.493734 0.022995 0.046273
0 0.626002 0.361527 0.028892 0.050050
0 0.577358 0.427158 0.027123 0.045328
0 0.744929 0.836247 0.025943 0.035885
0 0.830719 0.854661 0.027712 0.038718
0 0.764682 0.979978 0.028892 0.040044
0 0.948644 0.885824 0.032429 0.042495
0 0.968691 0.831997 0.025354 0.038718
0 0.901769 0.797056 0.030660 0.038718
0 0.908255 0.728781 0.027123 0.041551
0 0.796521 0.628397 0.026533 0.044384
0 0.935967 0.610927 0.027123 0.047217
0 0.797995 0.504311 0.030660 0.053827
0 0.797111 0.569943 0.026533 0.041551
0 0.803892 0.444817 0.022406 0.042495
0 0.812146 0.329513 0.025943 0.041551
0 0.935083 0.301655 0.027712 0.038718
0 0.901179 0.321864 0.030660 0.046273
0 0.839269 0.145178 0.024764 0.041551
0 0.863149 0.147067 0.026533 0.045328
0 0.869045 0.092295 0.022995 0.035885
0 0.909434 0.110710 0.028302 0.038718
0 0.698054 0.525275 0.026533 0.036829
0 0.676828 0.608377 0.020637 0.042495
0 0.820991 0.776942 0.031840 0.050994
0 0.935377 0.198533 0.027123 0.042495
0 0.604599 0.621409 0.028302 0.042495
0 0.894399 0.622353 0.027712 0.040607
0 0.886439 0.543501 0.025943 0.043440