0 0.020763 0.679761 0.02436 0.057816
0 0.181588 0.72878 0.022249 0.060725
0 0.147804 0.838081 0.030479 0.045079
0 0.10487 0.930158 0.025787 0.050749
0 0.218187 0.994557 0.055586 0.022625
0 0.269215 0.770513 0.02747 0.04964
0 0.276605 0.706258 0.021115 0.030472
0 0.316723 0.744016 0.014077 0.050344
0 0.169271 0.593645 0.030714 0.045854
0 0.140766 0.625442 0.033647 0.038455
0 0.122466 0.735405 0.029365 0.043759
0 0.152027 0.659888 0.030992 0.043754
0 0.026745 0.589671 0.025669 0.054358
0 0.058418 0.554562 0.023383 0.060023
0 0.145341 0.506205 0.022952 0.059664
0 0.24634 0.285837 0.025362 0.050126
0 0.269215 0.224232 0.03593 0.03507
0 0.255138 0.185811 0.032169 0.040369
0 0.386402 0.205684 0.0183 0.037096
0 0.346284 0.256028 0.026766 0.050384
0 0.20587 0.547496 0.023226 0.029147
0 0.360712 0.430246 0.030288 0.044344
0 0.402238 0.432234 0.023247 0.055275
0 0.226281 0.049792 0.032407 0.039041
0 0.14886 0.107424 0.030714 0.045854
0 0.216075 0.121335 0.030295 0.041475
0 0.172438 0.218049 0.035689 0.037787
0 0.291385 0.111398 0.027195 0.049059
0 0.234023 0.250508 0.028881 0.045665
0 0.339949 0.134583 0.023951 0.054101
0 0.483648 0.066574 0.03226 0.041879
0 0.542066 0.138116 0.020411 0.037096
0 0.410801 0.295111 0.0183 0.035771
0 0.430509 0.188461 0.020075 0.067177
0 0.414672 0.476616 0.030714 0.045854
0 0.470979 0.475291 0.025667 0.052516
0 0.436139 0.336844 0.028174 0.048954
0 0.503707 0.325583 0.029585 0.044979
0 0.448456 0.58128 0.019003 0.033121
0 0.413265 0.617713 0.028877 0.048319
0 0.428045 0.705154 0.030852 0.043019
0 0.447401 0.901232 0.012669 0.052994
0 0.477665 0.836314 0.024849 0.051451
0 0.378777 0.778021 0.027946 0.04509
0 0.558957 0.929054 0.024634 0.029147
0 0.613152 0.985725 0.023226 0.02855
0 0.52271 0.584592 0.016892 0.039746
0 0.573386 0.55412 0.023951 0.054101
0 0.644473 0.555445 0.029072 0.046304
0 0.654561 0.682631 0.027664 0.047734
0 0.613387 0.723702 0.023247 0.055275
0 0.547579 0.87341 0.023192 0.05675
0 0.713682 0.538222 0.026766 0.050384
0 0.800605 0.473304 0.021837 0.060574
0 0.774564 0.536897 0.029775 0.045669
0 0.784769 0.679981 0.025358 0.052074
0 0.875211 0.886659 0.028368 0.04699
0 0.782306 0.985062 0.029512 0.046397
0 0.758024 0.7396 0.028174 0.048954
0 0.749226 0.785307 0.019003 0.033121
0 0.926121 0.986387 0.024905 0.050704
0 0.891986 0.566706 0.016892 0.038421
0 0.828289 0.281421 0.022852 0.056599
0 0.933864 0.352301 0.021819 0.031797
0 0.959905 0.198618 0.01478 0.045045
0 0.820195 0.124426 0.014077 0.045045
0 0.690808 0.205242 0.023226 0.037096
0 0.741484 0.229089 0.016188 0.039746
0 0.749226 0.011206 0.031605 0.040255
0 0.59321 0.104995 0.017596 0.039746
0 0.584413 0.427597 0.024261 0.056048
0 0.47051 0.24278 0.028368 0.04699
0 0.295256 0.041402 0.028368 0.04699
0 0.414555 0.095721 0.028174 0.048954
0 0.428984 0.493177 0.02747 0.04964
0 0.280476 0.469992 0.022852 0.056599
0 0.671453 0.310347 0.016892 0.042395
0 0.631686 0.277226 0.025303 0.053841
0 0.557432 0.535121 0.02929 0.045944
0 0.540541 0.981235 0.018428 0.03468
