0 0.048799 0.664292 0.023615 0.057417
0 0.074762 0.63014 0.029735 0.044391
0 0.115115 0.732595 0.023615 0.057417
0 0.186124 0.894522 0.025651 0.032974
0 0.277152 0.728474 0.029877 0.044992
0 0.242743 0.722585 0.032379 0.043024
0 0.327515 0.939861 0.021897 0.031797
0 0.239302 0.981079 0.021897 0.034152
0 0.006256 0.633673 0.020591 0.063955
0 0.193318 0.621896 0.026276 0.027086
0 0.245245 0.545349 0.032863 0.041846
0 0.074449 0.47842 0.040437 0.032048
0 0.171109 0.336513 0.030986 0.043275
0 0.182057 0.266443 0.023774 0.028264
0 0.094157 0.307661 0.029251 0.045569
0 0.232733 0.358888 0.033201 0.037943
0 0.372873 0.216982 0.028291 0.049702
0 0.292167 0.268209 0.031281 0.022375
0 0.297798 0.18754 0.026405 0.053252
0 0.146084 0.434268 0.028153 0.040453
0 0.189371 0.166854 0.032805 0.039584
0 0.268614 0.180414 0.029886 0.042194
0 0.271844 0.151423 0.02858 0.046112
0 0.511063 0.13833 0.031064 0.043855
0 0.481502 0.209872 0.030953 0.043325
0 0.461877 0.068035 0.027478 0.050286
0 0.486967 0.079257 0.020035 0.063948
0 0.632038 0.49682 0.027586 0.047206
0 0.630134 0.195221 0.023979 0.055667
0 0.807002 0.411718 0.020866 0.04863
0 0.909098 0.480922 0.018382 0.044889
0 0.98536 0.566492 0.019873 0.047695
0 0.694969 0.424811 0.025892 0.050312
0 0.752103 0.527214 0.016395 0.042084
0 0.546999 0.852193 0.028753 0.048428
0 0.547248 0.951791 0.026463 0.052658
0 0.519177 0.680118 0.018879 0.041148
0 0.378329 0.510381 0.026981 0.050788
0 0.413851 0.855622 0.027383 0.048513
0 0.834667 0.226899 0.028051 0.050287
0 0.681751 0.098039 0.025537 0.050896
0 0.656858 0.107243 0.024988 0.05257
0 0.081792 0.569966 0.021337 0.030123
0 0.359891 0.543521 0.022523 0.03444
