0 0.026985 0.636071 0.032882 0.063406
0 0.251146 0.666264 0.038496 0.048309
0 0.298866 0.757599 0.031278 0.052838
0 0.409944 0.651922 0.03208 0.055857
0 0.29646 0.97348 0.037694 0.049819
0 0.298064 0.309481 0.031278 0.069444
0 0.060269 0.266455 0.03208 0.040761
0 0.316109 0.211353 0.030476 0.060386
0 0.69078 0.692935 0.029674 0.063406
0 0.787422 0.461202 0.022456 0.058877
0 0.673938 0.458937 0.029674 0.072464
0 0.779402 0.256643 0.025664 0.060386
0 0.191387 0.948068 0.025664 0.065217
0 0.490376 0.618357 0.033364 0.067633
0 0.103638 0.677402 0.030797 0.045089
0 0.258907 0.486044 0.028231 0.05314
0 0.451238 0.251208 0.024381 0.057971
0 0.608431 0.06401 0.028231 0.055556
0 0.271588 0.588164 0.026947 0.04106
