0 0.117487 0.761817 0.02189 0.029838
0 0.164287 0.574974 0.02189 0.039784
0 0.206935 0.802311 0.02967 0.047257
0 0.183912 0.988538 0.031058 0.041008
0 0.048798 0.506773 0.023549 0.055993
0 0.591898 0.616179 0.019626 0.039784
0 0.454519 0.639623 0.032624 0.040153
0 0.441687 0.450649 0.031256 0.042994
0 0.92415 0.559345 0.021708 0.064518
0 0.885653 0.191342 0.02038 0.039784
0 0.665746 0.547267 0.02038 0.041205
0 0.737078 0.404945 0.021135 0.036942
0 0.320788 0.201762 0.02038 0.039784
0 0.458922 0.073174 0.028478 0.049318
0 0.424955 0.183291 0.02189 0.036942
0 0.360794 0.257175 0.017361 0.036942
0 0.355888 0.039074 0.025445 0.054428
0 0.38193 0.415838 0.031429 0.043823
0 0.297011 0.430757 0.027128 0.048745
0 0.407216 0.677986 0.029604 0.043062
0 0.255999 0.456095 0.02816 0.04859
0 0.279776 0.189685 0.033378 0.039561
0 0.095452 0.756844 0.027664 0.046286
