0 0.109954 0.860826 0.019015 0.048242
0 0.032655 0.794688 0.029929 0.046948
0 0.145089 0.737888 0.025306 0.054781
0 0.143436 0.70832 0.019841 0.038904
0 0.165757 0.656188 0.024802 0.034236
0 0.138476 0.565152 0.019841 0.03268
0 0.073165 0.473337 0.034945 0.03795
0 0.294312 0.509908 0.023975 0.028011
0 0.348049 0.534807 0.025628 0.040461
0 0.441055 0.530138 0.024941 0.056337
0 0.353423 0.87561 0.019841 0.043573
0 0.431134 0.950306 0.026455 0.046685
0 0.498099 0.876388 0.028108 0.03268
0 0.248843 0.781461 0.025628 0.029567
0 0.482942 0.674863 0.027359 0.051498
0 0.486249 0.714545 0.026455 0.035792
0 0.612324 0.973649 0.025628 0.034236
0 0.458967 0.458554 0.03105 0.043835
0 0.432512 0.474116 0.019841 0.037348
0 0.521798 0.46011 0.024802 0.034236
0 0.538332 0.372186 0.021495 0.038904
0 0.385802 0.385413 0.025628 0.034236
0 0.187665 0.572933 0.028622 0.049192
0 0.05911 0.723104 0.020988 0.064196
0 0.165757 0.39501 0.021495 0.048242
0 0.380704 0.300861 0.024802 0.043573
0 0.278191 0.360774 0.023148 0.035792
0 0.314153 0.230055 0.026133 0.053877
0 0.443535 0.307864 0.016534 0.042017
0 0.297206 0.46426 0.02609 0.04911
0 0.21536 0.152505 0.019841 0.037348
0 0.328759 0.15484 0.019015 0.035792
0 0.482115 0.115935 0.018188 0.038904
0 0.571401 0.154062 0.021495 0.034236
0 0.371748 0.217865 0.020668 0.031124
0 0.457314 0.086368 0.019841 0.042017
0 0.255181 0.140834 0.017361 0.038904
0 0.691275 0.437545 0.019841 0.03268
0 0.634232 0.324722 0.021495 0.040461
0 0.727238 0.058357 0.019015 0.035792
0 0.014054 0.31357 0.025628 0.03268
0 0.442019 0.192188 0.020668 0.035792
0 0.182292 0.285714 0.020833 0.033613
0 0.483507 0.54972 0.025337 0.054191
