0 0.095276 0.950975 0.023526 0.032206
0 0.16514 0.831544 0.0221 0.032206
0 0.244272 0.621533 0.0221 0.046967
0 0.272431 0.736268 0.024238 0.037574
0 0.078167 0.587985 0.026377 0.030864
0 0.029334 0.567186 0.033086 0.041518
0 0.027195 0.439032 0.030849 0.042436
0 0.339087 0.918098 0.0221 0.0416
0 0.326968 0.852344 0.020674 0.038916
0 0.468121 0.608785 0.023526 0.040258
0 0.460279 0.522231 0.0221 0.030864
0 0.486775 0.867105 0.021387 0.0416
0 0.530262 0.698694 0.019961 0.045625
0 0.613671 0.959698 0.018535 0.046967
0 0.55949 0.897969 0.022813 0.0416
0 0.401584 0.55645 0.026821 0.052507
0 0.189498 0.565396 0.019961 0.042941
0 0.147674 0.953212 0.024238 0.03489
0 0.135912 0.716363 0.026377 0.025497
0 0.094564 0.37462 0.033242 0.042387
0 0.105613 0.404142 0.029942 0.030864
0 0.139476 0.39542 0.028997 0.048518
0 0.25853 0.261898 0.0221 0.038916
0 0.202924 0.310208 0.023526 0.033548
0 0.313423 0.319601 0.026377 0.038916
0 0.29061 0.431651 0.0221 0.03489
0 0.467765 0.23506 0.019961 0.0416
0 0.48131 0.299472 0.022813 0.036232
0 0.500201 0.33302 0.027181 0.051165
0 0.428199 0.281356 0.026821 0.052507
0 0.263876 0.496735 0.018535 0.036232
0 0.397901 0.068662 0.021387 0.033548
0 0.100623 0.227679 0.019961 0.032206
0 0.022561 0.103552 0.031816 0.043367
0 0.261738 0.029746 0.035559 0.035858
0 0.55949 0.211353 0.021387 0.052335
0 0.630424 0.061057 0.029421 0.047176
0 0.626503 0.155663 0.018535 0.048309
0 0.588719 0.201288 0.019961 0.037574
0 0.393386 0.268384 0.019961 0.032206
0 0.365939 0.250268 0.027995 0.048481
0 0.439962 0.795312 0.019961 0.048309
0 0.722981 0.718152 0.019961 0.0416
0 0.719179 0.557121 0.02709 0.033548
0 0.75625 0.662462 0.02709 0.037574
0 0.87566 0.51418 0.027181 0.051165
0 0.841084 0.917427 0.018535 0.040258
0 0.864966 0.959698 0.019248 0.044283
0 0.604759 0.338388 0.022518 0.062572
0 0.811499 0.324298 0.025244 0.050018
0 0.982594 0.285606 0.027995 0.048481
0 0.934474 0.306405 0.018535 0.045625
0 0.905958 0.268832 0.024238 0.040258
0 0.810786 0.118536 0.019248 0.03489
0 0.832173 0.164162 0.021118 0.060797
0 0.784053 0.264359 0.02157 0.064961
0 0.757319 0.060386 0.019248 0.040258
0 0.40598 0.407944 0.028284 0.049145
0 0.258411 0.159689 0.030596 0.045251
0 0.312591 0.087225 0.030596 0.045251
0 0.480764 0.50624 0.017323 0.054348
0 0.148947 0.172101 0.033118 0.04217
0 0.582459 0.647142 0.020531 0.03744
0 0.686399 0.830717 0.027596 0.050077
