0 0.057286 0.559319 0.027908 0.047004
0 0.10282 0.562775 0.029377 0.037326
0 0.204063 0.549623 0.03647 0.043224
0 0.198997 0.789897 0.035795 0.050852
0 0.092626 0.86109 0.032418 0.040681
0 0.328669 0.805153 0.038496 0.053394
0 0.449899 0.552801 0.025664 0.057208
0 0.651611 0.57971 0.028366 0.061022
0 0.18155 0.218451 0.033769 0.047038
0 0.262933 0.220358 0.030392 0.053394
0 0.262595 0.26676 0.031067 0.047038
0 0.374032 0.121832 0.029717 0.052123
0 0.411853 0.303627 0.027015 0.062293
0 0.295914 0.341978 0.03647 0.053394
0 0.613115 0.143656 0.032418 0.063565
0 0.68099 0.268243 0.02634 0.061022
0 0.740085 0.416984 0.031067 0.066107
0 0.805934 0.629926 0.029041 0.077549
0 0.856587 0.509789 0.02634 0.06865
0 0.939996 0.516781 0.024314 0.080092
0 0.462145 0.788647 0.033364 0.060386
0 0.455926 0.435286 0.025664 0.063406
0 0.858801 0.241043 0.030476 0.063406
0 0.834741 0.026167 0.030476 0.052334
0 0.733688 0.07347 0.028872 0.066425
0 0.915343 0.068186 0.029674 0.064915
0 0.795843 0.535427 0.026466 0.060386
0 0.526101 0.657206 0.031278 0.06038
