0 0.046384 0.385266 0.030797 0.055556
0 0.030986 0.5 0.033364 0.05314
0 0.071407 0.623188 0.029514 0.048309
0 0.098209 0.925063 0.025664 0.053485
0 0.148621 0.705947 0.031164 0.053485
0 0.276025 0.669715 0.025664 0.046584
0 0.321396 0.862089 0.03208 0.058661
0 0.185742 0.429032 0.030247 0.044859
0 0.678404 0.397113 0.031164 0.053485
0 0.739357 0.440246 0.026581 0.060386
0 0.858054 0.572234 0.027497 0.058661
0 0.815433 0.601564 0.024748 0.062112
0 0.496463 0.380722 0.021081 0.044859
0 0.294815 0.118185 0.024748 0.046584
0 0.5814 0.161318 0.024748 0.060386
0 0.494324 0.261387 0.024748 0.056936
0 0.449412 0.151829 0.019248 0.05521
0 0.628603 0.10697 0.021998 0.048309
0 0.858665 0.293306 0.025664 0.05521
0 0.926492 0.363182 0.029331 0.070738
0 0.758758 0.149241 0.021998 0.060386
0 0.711096 0.599839 0.021998 0.05176
0 0.710637 0.968196 0.028414 0.053485
0 0.801379 0.896595 0.026581 0.062112
0 0.990285 0.676616 0.01943 0.053485
0 0.577886 0.571371 0.018332 0.043133
0 0.553597 0.571371 0.03208 0.060386
0 0.375933 0.612779 0.025664 0.050035
0 0.190325 0.20934 0.022915 0.048309
0 0.249445 0.319761 0.027497 0.05521
0 0.537404 0.09058 0.022915 0.060386
0 0.810086 0.041408 0.023831 0.05521
0 0.333182 0.178744 0.026947 0.067633
0 0.324841 0.341787 0.030797 0.065217
0 0.949846 0.256844 0.023098 0.062802
0 0.224109 0.135266 0.024381 0.04347
