0 0.259443 0.783541 0.028366 0.048309
0 0.186503 0.658954 0.031067 0.048309
0 0.228376 0.931011 0.028366 0.063565
0 0.535334 0.650055 0.031743 0.06865
0 0.368179 0.490508 0.037821 0.057208
0 0.399246 0.762565 0.032418 0.057208
0 0.114913 0.269938 0.033769 0.048309
0 0.348593 0.082634 0.031067 0.048309
0 0.448886 0.276506 0.02769 0.064836
0 0.520138 0.217391 0.031067 0.055937
0 0.453276 0.113781 0.024314 0.062293
0 0.508994 0.469743 0.034444 0.069921
0 0.452263 0.887151 0.02634 0.052123
0 0.749766 0.799432 0.031067 0.054666
0 0.580922 0.756208 0.020261 0.059751
0 0.929866 0.643699 0.033769 0.06865
0 0.673898 0.357234 0.024314 0.063565
0 0.726915 0.381388 0.02634 0.071192
0 0.92919 0.32863 0.029717 0.057208
0 0.752242 0.216756 0.029717 0.082634
0 0.698887 0.075642 0.025664 0.062293
0 0.962621 0.37376 0.022287 0.05848
0 0.524753 0.51445 0.022287 0.066107
0 0.28916 0.280956 0.031067 0.061022
0 0.891683 0.325081 0.020852 0.060386
0 0.266786 0.516556 0.02807 0.0468
0 0.687349 0.821256 0.03978 0.07246
