0 0.009502 0.884506 0.019003 0.045707
0 0.102935 0.716581 0.030617 0.035771
0 0.13144 0.547662 0.028505 0.031797
0 0.174726 0.344959 0.022171 0.039746
0 0.162057 0.300245 0.026394 0.037758
0 0.017948 0.429418 0.025338 0.037758
0 0.138302 0.617216 0.027449 0.039746
0 0.106102 0.840786 0.022171 0.033784
0 0.110325 0.879538 0.032728 0.04372
0 0.215372 0.973553 0.029561 0.052894
0 0.168391 0.975921 0.030617 0.033784
0 0.306166 0.554617 0.025338 0.033784
0 0.339421 0.603306 0.024282 0.039746
0 0.376372 0.788123 0.024282 0.04372
0 0.456609 0.612248 0.026394 0.041733
0 0.486698 0.841779 0.029561 0.039746
0 0.490921 0.422463 0.031672 0.051669
0 0.66635 0.753345 0.022171 0.049682
0 0.60195 0.580452 0.026394 0.045707
0 0.358073 0.553623 0.030617 0.051669
0 0.620425 0.930213 0.023226 0.045707
0 0.451506 0.199225 0.023226 0.055644
0 0.642596 0.159479 0.025338 0.047695
0 0.679547 0.409877 0.023226 0.051669
0 0.9918 0.294614 0.016399 0.055644
0 0.955096 0.126689 0.023226 0.045707
0 0.245636 0.348271 0.025338 0.059618
0 0.139006 0.125696 0.035895 0.04372
0 0.071439 0.985476 0.035895 0.029047
0 0.548459 0.182002 0.020059 0.039746
0 0.708404 0.255531 0.027449 0.059618
0 0.580659 0.764607 0.023226 0.053657
0 0.679019 0.340322 0.022171 0.04372
0 0.795151 0.167428 0.030617 0.04769
