0 0.085515 0.614236 0.027449 0.033784
0 0.0668 0.66327 0.027641 0.040468
0 0.01574 0.744929 0.023802 0.036132
0 0.089066 0.804187 0.027641 0.039023
0 0.110949 0.814304 0.023802 0.056367
0 0.058738 0.839596 0.033016 0.046249
0 0.045685 0.910416 0.026873 0.040468
0 0.113636 0.94438 0.027641 0.033242
0 0.274109 0.728309 0.026106 0.037578
0 0.281404 0.531026 0.03148 0.033242
0 0.318259 0.596787 0.029945 0.040468
0 0.276413 0.908248 0.033784 0.036132
0 0.4461 0.514405 0.029177 0.04914
0 0.471437 0.726863 0.033784 0.046249
0 0.443028 0.619189 0.033784 0.044804
0 0.583922 0.783952 0.028409 0.039023
0 0.343724 0.816472 0.027641 0.046249
0 0.619625 0.90897 0.032248 0.046249
0 0.697942 0.863444 0.029177 0.050585
0 0.614251 0.673387 0.029177 0.04914
0 0.624232 0.577998 0.032248 0.04914
0 0.702933 0.697235 0.029945 0.047695
0 0.837684 0.517295 0.026106 0.054921
0 0.79699 0.809968 0.033784 0.047695
0 0.909091 0.868502 0.030713 0.052031
0 0.95516 0.955943 0.033784 0.044804
0 0.919072 0.682059 0.023034 0.057812
0 0.958231 0.612685 0.02457 0.063593
0 0.724048 0.485499 0.023034 0.060702
0 0.648418 0.33302 0.037623 0.041914
0 0.611947 0.430578 0.032248 0.043359
0 0.896038 0.447199 0.023034 0.056367
0 0.833845 0.320735 0.02457 0.054921
0 0.809275 0.202221 0.02457 0.054921
0 0.840372 0.1473 0.020731 0.054921
0 0.892967 0.209447 0.019963 0.052031
0 0.590448 0.271595 0.026106 0.054921
0 0.596591 0.192827 0.030713 0.030351
0 0.479115 0.208725 0.030713 0.050585
0 0.479115 0.317122 0.02457 0.050585
0 0.384674 0.406008 0.02457 0.028906
0 0.378532 0.249193 0.023034 0.039023
0 0.298679 0.424796 0.023034 0.043359
0 0.332463 0.322903 0.023034 0.039023
0 0.250691 0.446476 0.025338 0.040468
0 0.441877 0.025172 0.025338 0.041914
0 0.23188 0.07648 0.027641 0.040468
0 0.255682 0.232572 0.029177 0.043359
0 0.146268 0.322903 0.025338 0.036132
0 0.099816 0.271595 0.02457 0.031797
0 0.013053 0.374211 0.026106 0.034687
0 0.160089 0.398058 0.029945 0.050585
0 0.069103 0.452257 0.027641 0.040468
0 0.022267 0.406008 0.02457 0.046249
0 0.009214 0.443585 0.018428 0.034687
0 0.018044 0.474659 0.026873 0.033242
0 0.235719 0.286048 0.026106 0.037578
0 0.991554 0.331479 0.016892 0.050874
0 0.440798 0.408244 0.028958 0.056779
0 0.333012 0.911689 0.031371 0.03861
