0 0.081538 0.856263 0.016738 0.037807
0 0.094649 0.615242 0.02479 0.050723
0 0.122545 0.657775 0.030884 0.041258
0 0.07038 0.588462 0.03031 0.042791
0 0.228271 0.767521 0.023699 0.053904
0 0.301916 0.716061 0.02678 0.028355
0 0.182521 0.848911 0.029211 0.043202
0 0.178337 0.967059 0.022025 0.057254
0 0.306379 0.905622 0.020085 0.031506
0 0.335112 0.823181 0.025373 0.051298
0 0.250866 0.989043 0.030507 0.041319
0 0.384209 0.924001 0.015064 0.045159
0 0.407642 0.675628 0.03132 0.044615
0 0.25784 0.503921 0.028696 0.045013
0 0.201491 0.551705 0.03031 0.042791
0 0.225481 0.63152 0.027415 0.048164
0 0.027978 0.446335 0.030327 0.041862
0 0.09437 0.370195 0.032473 0.038712
0 0.309169 0.334489 0.020085 0.032556
0 0.21237 0.274627 0.019527 0.034657
0 0.144025 0.260975 0.031967 0.040707
0 0.428563 0.144402 0.018969 0.036757
0 0.578365 0.276202 0.01618 0.044108
0 0.561906 0.503746 0.031584 0.042937
0 0.620208 0.413429 0.035348 0.037533
0 0.658984 0.634671 0.027818 0.049092
0 0.625788 0.801652 0.018411 0.037807
0 0.643362 0.773822 0.02678 0.038857
0 0.522573 0.915074 0.029088 0.046459
0 0.826173 0.699258 0.022317 0.040958
0 0.914325 0.648848 0.021201 0.036757
0 0.830079 0.44721 0.028162 0.048042
0 0.812225 0.55328 0.022317 0.032556
0 0.728259 0.326437 0.020643 0.034657
0 0.756434 0.378947 0.028613 0.049108
0 0.846816 0.174683 0.017853 0.044108
0 0.94501 0.170132 0.022317 0.029406
0 0.313818 0.410103 0.020085 0.032556
0 0.438792 0.379122 0.020085 0.035707
0 0.273513 0.608696 0.020531 0.038647
0 0.674517 0.789855 0.021815 0.03381
