0 0.199461 0.943922 0.030323 0.059359
0 0.272743 0.935828 0.038747 0.057560
0 0.269654 0.876919 0.031447 0.062057
0 0.410883 0.921438 0.036500 0.057560
0 0.437556 0.956963 0.030323 0.051264
0 0.318509 0.605669 0.026954 0.056660
0 0.367082 0.637596 0.033131 0.059359
0 0.258142 0.593527 0.029762 0.053962
0 0.219957 0.685713 0.026393 0.051264
0 0.127864 0.622757 0.032008 0.056660
0 0.300258 0.804790 0.032008 0.054862
0 0.347990 0.479397 0.029762 0.056660
0 0.207884 0.331270 0.030323 0.052164
0 0.280323 0.333519 0.031447 0.054862
0 0.329739 0.266965 0.023585 0.047667
0 0.351640 0.381185 0.026954 0.054862
0 0.381121 0.318679 0.026393 0.052164
0 0.445137 0.370843 0.025270 0.052164
0 0.431098 0.468874 0.029762 0.046767
0 0.354728 0.042932 0.024146 0.050365
0 0.408356 0.200771 0.021339 0.049465
0 0.411725 0.622936 0.025831 0.045868
0 0.324686 0.859202 0.031447 0.044969
0 0.561770 0.830422 0.028077 0.041371
0 0.535939 0.827274 0.031447 0.045868
0 0.612028 0.790400 0.027516 0.045868
0 0.495227 0.696865 0.030885 0.045868
0 0.592093 0.655494 0.031447 0.035076
0 0.595463 0.614572 0.025831 0.039572
0 0.487084 0.960831 0.029200 0.050365
0 0.748484 0.938346 0.026393 0.037774
0 0.740903 0.838516 0.025831 0.034176
0 0.776842 0.807937 0.029200 0.039572
0 0.813342 0.910915 0.024708 0.044069
0 0.475573 0.595146 0.027516 0.046767
0 0.525270 0.484163 0.028077 0.046767
0 0.582547 0.210664 0.023585 0.045868
0 0.579739 0.058671 0.021339 0.047667
0 0.624663 0.078007 0.025831 0.041371
0 0.756907 0.154004 0.024146 0.042270
0 0.611467 0.428402 0.025270 0.046767
0 0.709176 0.488211 0.021900 0.042270
0 0.643194 0.599283 0.022462 0.039572
0 0.619890 0.579497 0.025270 0.041371
0 0.720968 0.641554 0.024146 0.041371
0 0.772630 0.720249 0.028639 0.035076
0 0.896732 0.797145 0.029762 0.041371
0 0.899820 0.850208 0.023585 0.037774
0 0.946990 0.975221 0.030323 0.041371
0 0.909367 0.668984 0.024708 0.040472
0 0.821204 0.543522 0.028077 0.039572
0 0.803796 0.617720 0.026954 0.038673
0 0.860231 0.646950 0.025270 0.039572
0 0.914140 0.573201 0.026393 0.041371
0 0.911051 0.610075 0.021339 0.035975
0 0.886624 0.409066 0.024146 0.038673
0 0.853774 0.384333 0.023585 0.039572
0 0.832154 0.409066 0.023023 0.038673
0 0.772069 0.419409 0.025270 0.044969
0 0.893924 0.187371 0.019654 0.044969
0 0.950359 0.402321 0.023585 0.034176
0 0.978717 0.437396 0.020777 0.035975
0 0.934917 0.110474 0.019654 0.040472
0 0.659479 0.370303 0.023585 0.039572
0 0.834681 0.661789 0.028077 0.038673
0 0.395440 0.371202 0.029200 0.041371
0 0.311770 0.289809 0.024708 0.044069
0 0.690691 0.325781 0.027053 0.038885
0 0.489872 0.176908 0.030522 0.052216