0 0.512824 0.218066 0.023585 0.044856
0 0.638488 0.210393 0.027270 0.041315
0 0.673128 0.179112 0.022848 0.047217
0 0.632223 0.304237 0.022111 0.042495
0 0.545991 0.053397 0.029481 0.053119
0 0.575840 0.321353 0.027270 0.048397
0 0.611586 0.473628 0.025059 0.043676
0 0.644752 0.468906 0.028007 0.041315
0 0.761940 0.396310 0.028007 0.044856
0 0.461969 0.432903 0.029481 0.049578
0 0.446492 0.320763 0.026533 0.047217
0 0.595371 0.518484 0.023585 0.046037
0 0.424749 0.584588 0.027270 0.041315
0 0.373526 0.555077 0.028007 0.043676
0 0.345887 0.573374 0.027270 0.042495
0 0.238650 0.477169 0.026533 0.038954
0 0.419590 0.258200 0.025796 0.054300
0 0.343308 0.130124 0.020637 0.046037
0 0.314932 0.307778 0.027270 0.044856
0 0.517246 0.638652 0.028007 0.048397
0 0.586527 0.680557 0.023585 0.047217
0 0.495504 0.705346 0.025796 0.044856
0 0.370578 0.718921 0.029481 0.053119
0 0.294664 0.732495 0.030955 0.056660
0 0.246389 0.726593 0.036114 0.051939
0 0.435068 0.871786 0.030218 0.044856
0 0.505085 0.904838 0.027270 0.042495
0 0.582842 0.906608 0.029481 0.048397
0 0.756781 0.895984 0.028007 0.043676
0 0.673865 0.718330 0.027270 0.042495
0 0.604216 0.772630 0.028007 0.042495
0 0.792158 0.770269 0.028007 0.040134
0 0.857385 0.815715 0.027270 0.031871
0 0.756044 0.704755 0.026533 0.038954
0 0.743146 0.569007 0.025796 0.041315
0 0.772258 0.552481 0.020637 0.038954
0 0.786630 0.522970 0.027270 0.041315
0 0.286557 0.912510 0.028007 0.046037
0 0.310142 0.906608 0.028007 0.053119
0 0.819797 0.419919 0.019900 0.042495
0 0.473467 0.519429 0.020637 0.041315
0 0.787441 0.200123 0.028007 0.049578
0 0.909419 0.739578 0.022848 0.033052
0 0.900943 0.827520 0.022111 0.038954
0 0.967644 0.717740 0.024322 0.043676
0 0.431751 0.760354 0.029481 0.049578
0 0.467129 0.202838 0.022111 0.050758
0 0.650722 0.888902 0.027270 0.046037