0 0.463296 0.131305 0.028007 0.062563
0 0.486881 0.090580 0.023585 0.049578
0 0.359006 0.317222 0.025796 0.056660
0 0.398069 0.304827 0.027270 0.050758
0 0.363797 0.140158 0.029481 0.049578
0 0.399543 0.203901 0.027270 0.063743
0 0.489460 0.345552 0.027270 0.049578
0 0.457768 0.403983 0.025796 0.060202
0 0.468455 0.517304 0.026533 0.050758
0 0.401386 0.519665 0.026533 0.046037
0 0.207179 0.327846 0.028744 0.059021
0 0.209021 0.449784 0.032429 0.067284
0 0.322524 0.705936 0.030955 0.053119
0 0.292305 0.608551 0.029481 0.047217
0 0.288989 0.537725 0.028744 0.044856
0 0.384434 0.669343 0.029481 0.053119
0 0.389225 0.807453 0.028744 0.053119
0 0.280881 0.766138 0.030218 0.050758
0 0.305940 0.789746 0.031692 0.041315
0 0.244030 0.871786 0.033166 0.051939
0 0.483933 0.890082 0.029481 0.046037
0 0.513782 0.880049 0.030218 0.047217
0 0.512308 0.745480 0.033166 0.044856
0 0.548423 0.775581 0.030218 0.048397
0 0.512308 0.690590 0.031692 0.046037
0 0.478037 0.592025 0.026533 0.049578
0 0.591907 0.765547 0.022848 0.051939
0 0.667453 0.923724 0.035377 0.049578
0 0.677771 0.738988 0.028007 0.041315
0 0.635024 0.710658 0.028007 0.041315
0 0.525943 0.435618 0.022111 0.043676
0 0.093381 0.841685 0.037588 0.060202
0 0.161557 0.931987 0.032429 0.063743
0 0.558225 0.263512 0.025059 0.046037
0 0.582916 0.202720 0.025796 0.047217
0 0.622715 0.290662 0.024322 0.031871
0 0.641141 0.064020 0.022848 0.046037
0 0.692364 0.110647 0.023585 0.042495
0 0.775649 0.087039 0.023585 0.042495
0 0.802182 0.255840 0.023585 0.044856
0 0.759434 0.323124 0.022111 0.037774
0 0.738060 0.376833 0.023585 0.038954
0 0.716318 0.483072 0.025796 0.034232
0 0.686468 0.452380 0.026533 0.046037
0 0.618293 0.465955 0.021374 0.047217
0 0.886203 0.405163 0.025059 0.048397
0 0.831294 0.488738 0.019900 0.046037
0 0.886203 0.531823 0.023585 0.040134
0 0.899469 0.688230 0.023585 0.046037
0 0.803287 0.620355 0.025796 0.047217
0 0.785598 0.662260 0.028744 0.046037
0 0.538694 0.590844 0.025796 0.047217
0 0.750958 0.751972 0.027270 0.046037
0 0.776754 0.731905 0.025796 0.038954
0 0.832400 0.795058 0.023585 0.037774
0 0.930056 0.877098 0.025796 0.036593
0 0.985333 0.909559 0.021374 0.033052
0 0.795548 0.936119 0.020637 0.048397
0 0.719634 0.852309 0.030955 0.043676
0 0.497789 0.806272 0.023585 0.038954