0 0.641093 0.150245 0.016648 0.043329
0 0.636931 0.031369 0.024972 0.054438
0 0.554384 0.038035 0.024972 0.041107
0 0.668840 0.145801 0.020810 0.041107
0 0.718438 0.157466 0.025666 0.039996
0 0.716704 0.069698 0.030522 0.042218
0 0.805841 0.213571 0.021504 0.045551
0 0.806534 0.111915 0.027053 0.042218
0 0.708380 0.324337 0.027747 0.039996
0 0.671268 0.312671 0.020117 0.041107
0 0.619589 0.272120 0.026360 0.044440
0 0.511376 0.211904 0.029134 0.059993
0 0.481895 0.148023 0.027053 0.047773
0 0.451027 0.128580 0.022198 0.051105
0 0.444437 0.211904 0.025666 0.046662
0 0.507214 0.359666 0.026360 0.053327
0 0.611612 0.445212 0.028441 0.046662
0 0.772891 0.377442 0.026360 0.035552
0 0.753815 0.256344 0.022891 0.042218
0 0.910239 0.125803 0.024972 0.049995
0 0.947350 0.480653 0.025666 0.043329
0 0.815552 0.520093 0.029828 0.037774
0 0.771157 0.548978 0.024279 0.048884
0 0.982728 0.395107 0.020117 0.041107
0 0.932783 0.646634 0.025666 0.038885
0 0.825610 0.590307 0.022198 0.039996
0 0.944229 0.834169 0.030522 0.045551
0 0.866537 0.868610 0.031909 0.036663
0 0.731271 0.665855 0.022198 0.039996
0 0.679939 0.670854 0.024972 0.047773
0 0.724334 0.759733 0.031909 0.036663
0 0.739595 0.734180 0.026360 0.043329
0 0.720519 0.793618 0.028441 0.035552
0 0.684101 0.888052 0.024972 0.039996
0 0.618202 0.819727 0.027747 0.043329
0 0.627567 0.725848 0.028441 0.044440
0 0.592536 0.521981 0.026360 0.038885
0 0.543632 0.491985 0.029828 0.041107
0 0.514498 0.496984 0.021504 0.042218
0 0.489526 0.542535 0.031215 0.042218
0 0.493341 0.655856 0.023585 0.039996
0 0.568604 0.816394 0.024279 0.036663
0 0.563055 0.938602 0.029828 0.036663
0 0.531493 0.945824 0.030522 0.046662
0 0.710114 0.975265 0.027053 0.043329
0 0.633810 0.626414 0.021504 0.041107
0 0.636931 0.354333 0.026360 0.051105
0 0.693466 0.158244 0.018729 0.034441
0 0.482173 0.742846 0.029828 0.056660
0 0.410377 0.669854 0.029134 0.042218
0 0.452691 0.850390 0.034684 0.049995
0 0.409337 0.872054 0.033990 0.048884
0 0.400319 0.138024 0.032603 0.049995
0 0.182228 0.745846 0.032603 0.057771
0 0.225930 0.829725 0.031215 0.047773
0 0.313332 0.856389 0.031215 0.049995
0 0.332755 0.684852 0.029828 0.056660
0 0.366745 0.653745 0.031215 0.045551
0 0.257145 0.645968 0.032603 0.049995
0 0.208241 0.672632 0.040233 0.056660
0 0.352525 0.442101 0.024972 0.048884
0 0.333449 0.461544 0.031215 0.052216
0 0.400388 0.447101 0.031909 0.056660
0 0.368826 0.248678 0.031215 0.052216
0 0.276915 0.155577 0.029134 0.058882
0 0.592189 0.088029 0.027053 0.052216