1 0.477668 0.333275 0.074440 0.153455
0 0.405071 0.166245 0.028007 0.050758
0 0.335053 0.104273 0.026533 0.049578
0 0.305203 0.134374 0.025796 0.050758
0 0.324735 0.409885 0.029481 0.046037
0 0.302992 0.461234 0.034640 0.047217
0 0.279776 0.507860 0.029481 0.038954
0 0.383697 0.632986 0.035377 0.048397
0 0.435289 0.608787 0.029481 0.061382
0 0.362692 0.763187 0.033166 0.061382
0 0.304466 0.744300 0.028744 0.051939
0 0.243293 0.659309 0.036114 0.061382
0 0.252137 0.865884 0.033166 0.054300
0 0.311468 0.883590 0.032429 0.047217
0 0.440817 0.901887 0.031692 0.055480
0 0.518573 0.875917 0.029481 0.048397
0 0.541790 0.941431 0.031692 0.044856
0 0.442291 0.705346 0.028744 0.059021
0 0.568323 0.537135 0.025796 0.041315
0 0.607017 0.696492 0.033903 0.041315
0 0.727889 0.897165 0.025059 0.046037
0 0.673349 0.715970 0.026533 0.051939
0 0.708726 0.645734 0.025059 0.034232
0 0.648290 0.593205 0.026533 0.037774
0 0.568323 0.465129 0.027270 0.055480
0 0.653449 0.506444 0.030955 0.043676
0 0.108491 0.816306 0.033903 0.061382
0 0.070902 0.846407 0.033903 0.057841
0 0.532282 0.228454 0.032429 0.054300
0 0.454157 0.280392 0.025059 0.040134
0 0.576961 0.754116 0.024826 0.042744
1 0.516758 0.662167 0.106753 0.190856
0 0.554307 0.732247 0.029171 0.044732
0 0.543942 0.108087 0.028550 0.043738
0 0.601043 0.116537 0.022344 0.042744
0 0.646661 0.316737 0.030412 0.048708
0 0.742862 0.470316 0.032895 0.041750
0 0.843222 0.748748 0.029791 0.034791
0 0.737401 0.760179 0.025447 0.039762
0 0.908391 0.805905 0.031033 0.045726
0 0.978215 0.765149 0.029171 0.035786
0 0.841671 0.558687 0.029171 0.040756
0 0.820258 0.635228 0.024826 0.032803
0 0.783640 0.304411 0.027309 0.038768
0 0.784881 0.369520 0.026068 0.035786
0 0.882324 0.394372 0.026068 0.037774
0 0.840740 0.156795 0.022344 0.035786
0 0.509310 0.341687 0.026068 0.039762
0 0.488208 0.518932 0.034305 0.049793
0 0.201973 0.530951 0.034305 0.046359
0 0.393306 0.673121 0.030323 0.038673
0 0.874646 0.118486 0.022406 0.045328
0 0.895873 0.310188 0.022406 0.043440