0 0.233712 0.261151 0.030218 0.055480
0 0.282724 0.372702 0.047170 0.056660
0 0.285304 0.464775 0.033166 0.061382
0 0.252137 0.454151 0.043485 0.059021
0 0.354584 0.378014 0.030218 0.048397
0 0.414284 0.379194 0.028744 0.050758
0 0.331736 0.153733 0.033166 0.055480
0 0.422022 0.078776 0.029481 0.051939
0 0.448924 0.528046 0.033166 0.051939
0 0.488723 0.548113 0.031692 0.049578
0 0.400280 0.562278 0.027270 0.054300
0 0.395858 0.631923 0.033166 0.049578
0 0.462190 0.637825 0.030218 0.049578
0 0.280144 0.640186 0.033166 0.051939
0 0.373379 0.767908 0.026533 0.049578
0 0.445239 0.777942 0.028744 0.041315
0 0.479879 0.760826 0.039062 0.044856
0 0.396963 0.857030 0.032429 0.053119
0 0.322524 0.828110 0.036851 0.044856
0 0.274617 0.859981 0.039800 0.047217
0 0.200914 0.780303 0.036851 0.064923
0 0.543264 0.781483 0.025796 0.043676
0 0.615124 0.823978 0.036851 0.046037
0 0.635392 0.681147 0.031692 0.048397
0 0.579009 0.972122 0.032429 0.049578
0 0.349057 0.895394 0.039800 0.061382
0 0.174823 0.574909 0.030955 0.060202
0 0.643721 0.920773 0.038325 0.055480
0 0.780808 0.850538 0.030955 0.040134
0 0.773806 0.799780 0.027270 0.040134
0 0.764593 0.981929 0.033903 0.036141
0 0.927108 0.960318 0.043485 0.073186
0 0.894310 0.880049 0.030955 0.059021
0 0.918632 0.789156 0.032429 0.051939
0 0.936321 0.707707 0.030955 0.049578
0 0.856353 0.577269 0.028744 0.043676
0 0.783019 0.589664 0.026533 0.044856
0 0.660672 0.684452 0.025059 0.048397
0 0.646300 0.382617 0.030218 0.044856
0 0.599499 0.403275 0.023585 0.043676
0 0.571860 0.397963 0.028744 0.042495
0 0.521005 0.340122 0.028744 0.044856
0 0.569281 0.478232 0.026533 0.037774
0 0.764593 0.438688 0.023585 0.041315
0 0.735112 0.439278 0.026533 0.042495
0 0.845666 0.251708 0.026533 0.041315
0 0.715949 0.094121 0.023585 0.042495
0 0.782650 0.199769 0.028744 0.038954
0 0.805867 0.360307 0.020637 0.043676
0 0.777123 0.315451 0.019163 0.038954
0 0.701946 0.301876 0.025059 0.037774
0 0.710053 0.208623 0.020637 0.049578
0 0.694207 0.239904 0.024322 0.043676
0 0.637456 0.284170 0.028744 0.049578
0 0.571492 0.174980 0.026533 0.038954
0 0.554540 0.199179 0.023585 0.037774
0 0.537588 0.216886 0.029481 0.042495
0 0.515478 0.241674 0.028007 0.044856
0 0.511792 0.101204 0.028007 0.040134
0 0.605395 0.051626 0.026533 0.044856
0 0.582916 0.056348 0.024322 0.047217
0 0.860775 0.521435 0.028744 0.051939
0 0.979068 0.169078 0.023585 0.046037
0 0.826135 0.092351 0.030218 0.046037
0 0.626032 0.412128 0.029481 0.047217
0 0.265223 0.291432 0.036449 0.058377
1 0.734408 0.384278 0.083857 0.143750
1 0.561557 0.614265 0.033019 0.050994
1 0.609596 0.567118 0.025796 0.036593