0 0.304517 0.597310 0.031749 0.046491
1 0.329009 0.565348 0.071662 0.107510
0 0.374819 0.509414 0.038099 0.045038
0 0.386157 0.617650 0.037192 0.049396
0 0.381168 0.851555 0.032656 0.055208
0 0.348966 0.871895 0.031749 0.052302
0 0.419721 0.873348 0.028120 0.046491
0 0.512246 0.945263 0.031749 0.036321
0 0.513153 0.874801 0.029935 0.052302
0 0.501814 0.710631 0.034470 0.052302
0 0.407475 0.744772 0.034470 0.047943
0 0.484579 0.548640 0.034470 0.042132
0 0.533563 0.653244 0.036284 0.039226
0 0.568940 0.639442 0.030842 0.049396
0 0.625635 0.699299 0.029935 0.046491
0 0.697297 0.883808 0.031749 0.037774
0 0.762609 0.905601 0.028120 0.040679
0 0.827921 0.922308 0.031749 0.030509
0 0.127177 0.856931 0.039913 0.056660
0 0.379808 0.423115 0.028120 0.045038
0 0.524038 0.493578 0.037192 0.046491
0 0.615203 0.554597 0.027213 0.052302
0 0.696843 0.577116 0.025399 0.042132
0 0.348059 0.051191 0.035377 0.059566
0 0.558509 0.116568 0.031749 0.056660
0 0.526306 0.209549 0.025399 0.056660
0 0.553066 0.327955 0.022678 0.049396
0 0.622007 0.224804 0.022678 0.055208
0 0.694122 0.342483 0.029028 0.046491
0 0.653302 0.395512 0.023585 0.045038
0 0.754898 0.147077 0.025399 0.045038
0 0.754898 0.229889 0.025399 0.045038
0 0.846063 0.277106 0.029935 0.043585
0 0.714985 0.729082 0.025399 0.042132
0 0.724057 0.815525 0.027213 0.046491
0 0.842435 0.779204 0.026306 0.034868
0 0.851959 0.585251 0.030842 0.050849
0 0.929790 0.272311 0.019956 0.045038
0 0.734761 0.718912 0.027213 0.045038
0 0.928882 0.907780 0.032656 0.050849
0 0.976959 0.906327 0.025399 0.039226
0 0.955642 0.811893 0.024492 0.039226
0 0.908472 0.282917 0.024492 0.046491
0 0.655842 0.546751 0.034470 0.052302
0 0.844521 0.028526 0.029028 0.047943