0 0.139521 0.219178 0.025980 0.038813
0 0.165935 0.247146 0.026846 0.039954
0 0.244308 0.239155 0.025980 0.044521
0 0.327878 0.170091 0.028578 0.041096
0 0.311423 0.051370 0.026846 0.043379
0 0.369013 0.070776 0.025980 0.045662
0 0.242576 0.355594 0.027712 0.037671
0 0.346497 0.309361 0.027712 0.045662
0 0.190616 0.380594 0.029444 0.045662
0 0.174595 0.522146 0.025114 0.038813
0 0.149480 0.532420 0.030310 0.047945
0 0.088860 0.552968 0.030310 0.045662
0 0.217895 0.582192 0.026846 0.041096
0 0.272020 0.784817 0.032908 0.049087
0 0.217029 0.917237 0.028578 0.044521
0 0.309691 0.921804 0.030310 0.044521
0 0.331342 0.765982 0.026846 0.041096
0 0.372910 0.764840 0.028578 0.036530
0 0.305361 0.462900 0.032042 0.049087
0 0.101417 0.981164 0.031176 0.037671
0 0.429633 0.950913 0.025980 0.036530
0 0.459510 0.893836 0.028578 0.041096
0 0.364683 0.468950 0.031176 0.045662
0 0.412746 0.648174 0.032042 0.041096
0 0.404952 0.423516 0.026846 0.036530
0 0.464273 0.132991 0.025980 0.042237
0 0.491986 0.231164 0.024248 0.042237
0 0.461242 0.436644 0.026846 0.049087
0 0.440458 0.510845 0.025114 0.049087
0 0.524894 0.485616 0.024248 0.038813
0 0.560400 0.557534 0.027712 0.041096
0 0.328311 0.613584 0.027712 0.037671
0 0.501079 0.652397 0.026846 0.035388
0 0.172886 0.900313 0.025980 0.037969
0 0.049763 0.828842 0.019203 0.032013
0 0.461322 0.766974 0.024286 0.031269
0 0.546323 0.762880 0.021462 0.033502
0 0.604778 0.801221 0.023156 0.035736
0 0.648267 0.813505 0.025415 0.033502
0 0.598001 0.921828 0.023156 0.032758
0 0.638100 0.962403 0.023156 0.026057
0 0.736656 0.877531 0.020332 0.027546
0 0.778167 0.791170 0.023156 0.030524
0 0.733267 0.807177 0.027110 0.029780
0 0.735526 0.941930 0.022591 0.028291
0 0.833234 0.824672 0.018073 0.032013
0 0.611556 0.617704 0.022027 0.032013
0 0.720277 0.695131 0.023721 0.033502
0 0.795676 0.698109 0.022027 0.030524
0 0.833234 0.644133 0.022591 0.034247
0 0.869380 0.877531 0.021462 0.030524
0 0.949862 0.935974 0.019768 0.031269
0 0.888866 0.967242 0.022027 0.031269
0 0.906656 0.792287 0.021462 0.032758
0 0.871075 0.790203 0.020332 0.032758
0 0.884347 0.651355 0.024286 0.034991
0 0.927271 0.676295 0.022027 0.034247
0 0.684413 0.570727 0.025415 0.032758
0 0.917670 0.583532 0.020897 0.034247
0 0.837752 0.495682 0.021462 0.040203
0 0.903550 0.498660 0.024286 0.037225
0 0.934896 0.415351 0.024851 0.037969
0 0.590941 0.364949 0.022591 0.032758
0 0.659562 0.372022 0.025415 0.039458
0 0.787204 0.319610 0.022027 0.036480
0 0.910892 0.246426 0.020897 0.034247
0 0.893101 0.219253 0.025980 0.039458
0 0.950427 0.215902 0.024286 0.035736
0 0.862885 0.335765 0.024286 0.035736
0 0.834081 0.212552 0.022027 0.037969
0 0.749928 0.227442 0.023156 0.034991
0 0.714064 0.208830 0.023721 0.039458
0 0.577951 0.243448 0.023721 0.035736
0 0.653632 0.052114 0.022591 0.038714
0 0.767719 0.021590 0.022591 0.038714
0 0.822786 0.069238 0.024286 0.038714
0 0.989757 0.627382 0.020486 0.043925
0 0.740387 0.442260 0.021823 0.037671