0 0.172430 0.124429 0.029444 0.050228
1 0.175894 0.073630 0.062352 0.147260
0 0.148614 0.200913 0.038970 0.052511
0 0.285010 0.214612 0.031176 0.050228
0 0.346064 0.052511 0.025114 0.047945
0 0.370312 0.341324 0.030310 0.045662
0 0.373343 0.266553 0.027712 0.042237
0 0.393261 0.247717 0.025980 0.041096
0 0.414478 0.215753 0.026846 0.038813
0 0.324413 0.239726 0.023382 0.045662
0 0.320949 0.354452 0.028578 0.037671
0 0.252535 0.601256 0.021650 0.035388
0 0.394127 0.488242 0.024248 0.039954
0 0.311423 0.784475 0.021650 0.041096
0 0.269422 0.751370 0.024248 0.041096
0 0.250370 0.860959 0.024248 0.043379
0 0.188018 0.843265 0.024248 0.037671
0 0.120902 0.892237 0.026846 0.037900
0 0.082365 0.895776 0.022516 0.042237
0 0.026941 0.935160 0.027712 0.036530
0 0.194946 0.959475 0.024248 0.033105
0 0.314021 0.956050 0.030310 0.039954
0 0.356023 0.875571 0.022516 0.041096
0 0.378539 0.901256 0.024248 0.035388
0 0.412313 0.881279 0.025980 0.041096
0 0.510605 0.897831 0.019918 0.033105
0 0.437860 0.770548 0.023382 0.045662
0 0.324413 0.584475 0.026846 0.041096
0 0.343466 0.651256 0.025114 0.035388
0 0.567761 0.942922 0.019918 0.041096
0 0.615824 0.925228 0.022516 0.030822
0 0.640938 0.977740 0.022516 0.037671
0 0.699827 0.844749 0.020784 0.038813
0 0.691600 0.712329 0.021650 0.041096
0 0.612284 0.681935 0.019206 0.033390
0 0.545524 0.793236 0.027279 0.041952
0 0.508503 0.551798 0.022083 0.033390
0 0.561112 0.538955 0.022083 0.031678
0 0.531235 0.700342 0.023382 0.034247
0 0.765381 0.722175 0.024032 0.035103
0 0.714395 0.681507 0.020784 0.035959
0 0.725112 0.872003 0.025331 0.031678
0 0.889437 0.426541 0.027929 0.037671
0 0.709199 0.440668 0.022083 0.038527
0 0.785516 0.337072 0.025331 0.041952
0 0.737453 0.212500 0.024032 0.039384
0 0.643275 0.646147 0.027929 0.040240
0 0.473754 0.479195 0.025331 0.033390
0 0.873524 0.930308 0.024681 0.034247
0 0.877096 0.629880 0.024032 0.045377
0 0.681920 0.629452 0.028578 0.037671
0 0.721540 0.611045 0.027279 0.041952
0 0.540328 0.612329 0.025980 0.046233
0 0.748299 0.883990 0.023382 0.040240
0 0.899634 0.582021 0.023382 0.035959
0 0.752846 0.521233 0.025980 0.035959
0 0.695040 0.422346 0.025980 0.040240
0 0.745052 0.404795 0.025980 0.037671
0 0.489797 0.580308 0.027279 0.037671
0 0.558320 0.346147 0.024032 0.043664
0 0.471936 0.357277 0.030527 0.050514
0 0.453100 0.292209 0.026630 0.036815
0 0.605733 0.326027 0.024032 0.039384
0 0.654121 0.287500 0.020784 0.035959
0 0.692767 0.248288 0.022733 0.037671
0 0.686597 0.147688 0.018186 0.035103
0 0.672957 0.113870 0.020784 0.037671
0 0.833060 0.141695 0.024032 0.043664
0 0.593718 0.127997 0.022083 0.040240
0 0.635935 0.135702 0.025980 0.041952
0 0.607032 0.468579 0.027929 0.038527
0 0.416013 0.125000 0.027279 0.046233
0 0.438421 0.233733 0.025331 0.035959
0 0.505645 0.071918 0.029877 0.046233
0 0.531625 0.166952 0.025980 0.042808
0 0.497851 0.224743 0.025980 0.047089
0 0.508243 0.718921 0.024681 0.040240