0 0.616450 0.044779 0.026533 0.054300
0 0.662146 0.100259 0.028007 0.051939
0 0.551960 0.077241 0.028744 0.053119
0 0.586601 0.106752 0.022848 0.046037
0 0.696787 0.315687 0.026533 0.043676
0 0.648143 0.286177 0.020637 0.036593
0 0.744693 0.398317 0.022111 0.041315
0 0.771963 0.403039 0.026533 0.043676
0 0.768278 0.324540 0.022111 0.035413
0 0.788178 0.342837 0.023585 0.043676
0 0.649248 0.199415 0.027270 0.042495
0 0.731427 0.162822 0.020637 0.049578
0 0.874042 0.068152 0.022848 0.035413
0 0.947376 0.545044 0.020637 0.042495
0 0.813606 0.579866 0.025796 0.038954
0 0.760908 0.601704 0.023585 0.037774
0 0.607975 0.344371 0.025796 0.044856
0 0.572597 0.395130 0.022848 0.040134
0 0.523953 0.337879 0.030218 0.048397
0 0.612397 0.567472 0.021374 0.040134
0 0.599867 0.585178 0.019900 0.037774
0 0.756854 0.686105 0.021374 0.038954
0 0.739166 0.707352 0.025796 0.036593
0 0.844561 0.787621 0.022848 0.043676
0 0.935952 0.825395 0.024322 0.041315
0 0.932267 0.658365 0.019900 0.033052
0 0.540168 0.205081 0.022848 0.042495
0 0.455778 0.208032 0.025059 0.048397
0 0.371389 0.120681 0.022848 0.046037
0 0.514372 0.454151 0.028744 0.044856
0 0.450988 0.352044 0.031692 0.041315
0 0.520637 0.539378 0.028007 0.040134
0 0.701209 0.519311 0.025059 0.042495
0 0.979437 0.482127 0.018426 0.041315
0 0.385024 0.435736 0.029481 0.044856
0 0.540905 0.700624 0.021374 0.035413
0 0.647774 0.616814 0.022848 0.035413
0 0.669885 0.534184 0.025796 0.037774
0 0.918632 0.899526 0.022111 0.053119
0 0.820239 0.919593 0.028744 0.041315
0 0.906840 0.978024 0.026533 0.042495
0 0.595445 0.835783 0.027270 0.046037
0 0.639298 0.913101 0.032429 0.044856
0 0.551592 0.892443 0.028007 0.046037
0 0.475310 0.918413 0.028744 0.057841
0 0.419664 0.959137 0.033903 0.047217
0 0.443617 0.694722 0.030218 0.040134
0 0.672465 0.712192 0.025059 0.040134
0 0.833874 0.193867 0.022111 0.046037
0 0.322966 0.194694 0.023585 0.047217
0 0.259213 0.152198 0.025796 0.047217
0 0.314121 0.661670 0.035377 0.042495
0 0.307120 0.596156 0.030218 0.048397
0 0.361660 0.741939 0.030218 0.047217
0 0.250737 0.872376 0.029481 0.057841
0 0.224204 0.913101 0.028007 0.054300
0 0.175192 0.786205 0.031692 0.062563
0 0.152712 0.887131 0.036851 0.051939
0 0.346551 0.976027 0.038325 0.047945
0 0.395195 0.841095 0.032429 0.047217
0 0.340654 0.283580 0.030955 0.048397
0 0.645416 0.436091 0.019900 0.046037