0 0.092373 0.098684 0.023245 0.035148
0 0.062632 0.124369 0.028031 0.039654
0 0.124164 0.118511 0.025296 0.042358
0 0.174073 0.110400 0.023929 0.042358
0 0.226717 0.071647 0.026664 0.038753
0 0.289275 0.068043 0.027348 0.036950
0 0.253381 0.186103 0.028031 0.035148
0 0.286540 0.149603 0.025980 0.039654
0 0.078357 0.441240 0.028031 0.045061
0 0.154246 0.357877 0.028031 0.049567
0 0.069469 0.582012 0.023929 0.039654
0 0.050326 0.629776 0.029399 0.048666
0 0.177492 0.664474 0.033501 0.044160
0 0.244151 0.554975 0.024613 0.043259
0 0.109807 0.963681 0.028031 0.047765
0 0.135103 0.948360 0.022562 0.040555
0 0.196635 0.844268 0.029399 0.041456
0 0.267055 0.929434 0.025296 0.042358
0 0.273208 0.757300 0.025296 0.042358
0 0.331663 0.749639 0.021878 0.034247
0 0.330980 0.821738 0.021878 0.037851
0 0.439686 0.861842 0.027348 0.042358
0 0.027422 0.945205 0.023245 0.039654
0 0.245861 0.389870 0.030766 0.034247
0 0.283122 0.534517 0.023245 0.044160
0 0.319357 0.608868 0.025980 0.045061
0 0.353200 0.557048 0.026664 0.040555
0 0.347730 0.527758 0.025296 0.041456
0 0.378496 0.595800 0.019827 0.036950
0 0.351490 0.197368 0.024613 0.043259
0 0.383282 0.200523 0.022562 0.040555
0 0.374736 0.086067 0.024613 0.044160
0 0.249963 0.093727 0.023929 0.037851
0 0.408578 0.047765 0.025296 0.039654
0 0.513866 0.055425 0.022562 0.047765
0 0.422594 0.165375 0.023245 0.049567
0 0.389093 0.358327 0.020511 0.045061
0 0.428747 0.526496 0.027348 0.048666
0 0.481391 0.530101 0.025980 0.045061
0 0.457804 0.475577 0.023929 0.044160
0 0.513525 0.388609 0.027348 0.045061
0 0.507371 0.727109 0.023245 0.041456
0 0.555366 0.041456 0.024613 0.045061
0 0.555024 0.152307 0.026664 0.041456
0 0.504773 0.261355 0.027348 0.055876
0 0.627837 0.091474 0.025980 0.042358
0 0.607668 0.228911 0.029399 0.045061
0 0.599122 0.418349 0.021878 0.039654
0 0.673986 0.398522 0.022562 0.041456
0 0.566305 0.813176 0.024613 0.040555
0 0.544769 0.981615 0.022562 0.036770
0 0.603908 0.982967 0.021878 0.034066
0 0.629547 0.969989 0.021194 0.036950
0 0.685267 0.982516 0.021878 0.034968
0 0.671593 0.888428 0.021878 0.032444
0 0.652792 0.984319 0.022562 0.031362
0 0.692788 0.666727 0.023245 0.034247
0 0.716033 0.699171 0.025980 0.030642
0 0.628179 0.712689 0.022562 0.032444
0 0.593995 0.678443 0.028031 0.041456
0 0.610745 0.590483 0.021878 0.041456
0 0.759789 0.641853 0.021878 0.037851
0 0.561178 0.491709 0.023929 0.037851
0 0.559127 0.420422 0.028031 0.044160
0 0.656210 0.244232 0.029399 0.043259
0 0.739620 0.096882 0.021194 0.031543
0 0.771070 0.120764 0.021194 0.037851
0 0.805938 0.184301 0.023929 0.044160
0 0.763549 0.340663 0.023929 0.048666
0 0.728681 0.315880 0.028031 0.044160
0 0.856873 0.234769 0.023245 0.044160
0 0.921481 0.236121 0.025296 0.039654
0 0.968314 0.190609 0.025980 0.042358
0 0.907466 0.375360 0.025980 0.040555
0 0.854822 0.361031 0.028715 0.043259
0 0.842174 0.461518 0.023929 0.042358
0 0.760815 0.492340 0.023929 0.036950
0 0.807647 0.722603 0.025980 0.046864
0 0.781325 0.772621 0.026664 0.040555
0 0.912594 0.574351 0.018460 0.038753
0 0.872256 0.618511 0.023929 0.033345
0 0.942334 0.518295 0.025980 0.040555
0 0.969682 0.533616 0.025980 0.049567
0 0.795341 0.471882 0.023245 0.037851
0 0.612454 0.015771 0.022562 0.031542
0 0.469222 0.272170 0.021878 0.037851
0 0.845250 0.718097 0.024613 0.039654
0 0.889006 0.715393 0.021878 0.032444
0 0.958059 0.729813 0.031450 0.039654
0 0.862342 0.807318 0.025980 0.039654
0 0.824056 0.803713 0.027348 0.041456
0 0.759105 0.883021 0.030082 0.039654
0 0.833969 0.933490 0.022562 0.043259
0 0.878751 0.896990 0.024613 0.035148
0 0.909175 0.932138 0.021194 0.031543
0 0.872256 0.976748 0.023929 0.036049
0 0.971049 0.895638 0.021878 0.046864
0 0.918063 0.870404 0.025296 0.041456
0 0.952589 0.868601 0.020511 0.037851
0 0.727314 0.056777 0.022562 0.039654
0 0.934130 0.104542 0.027348 0.048666
0 0.465119 0.146449 0.030082 0.038753
0 0.386700 0.519827 0.030766 0.043259