0 0.133588 0.202150 0.031754 0.044711
0 0.212972 0.115107 0.028867 0.041857
0 0.204312 0.281107 0.025980 0.042808
0 0.206477 0.313927 0.030310 0.036149
0 0.170393 0.256374 0.025980 0.035198
0 0.082710 0.304414 0.028145 0.041857
0 0.042657 0.286339 0.027424 0.041857
0 0.164620 0.392884 0.031754 0.039954
0 0.062503 0.467561 0.029589 0.044711
0 0.259520 0.255898 0.025258 0.036149
0 0.293438 0.239726 0.018042 0.036149
0 0.295242 0.170282 0.025980 0.045662
0 0.315810 0.198345 0.020928 0.031393
0 0.301016 0.353406 0.020207 0.035198
0 0.311480 0.066591 0.022372 0.039954
0 0.106164 0.610445 0.028867 0.039003
0 0.133227 0.589992 0.028145 0.041857
0 0.084514 0.663242 0.028867 0.039954
0 0.123124 0.919140 0.026702 0.039954
0 0.185909 0.732211 0.023815 0.039003
0 0.226683 0.608067 0.027424 0.039954
0 0.242199 0.525780 0.023815 0.040906
0 0.305706 0.981450 0.028145 0.033295
0 0.365244 0.927226 0.028867 0.039003
0 0.462309 0.879186 0.028145 0.038052
0 0.384369 0.656107 0.025258 0.040906
0 0.311119 0.617580 0.028867 0.043760
0 0.527259 0.905346 0.023815 0.040906
0 0.577416 0.907725 0.021650 0.038052
0 0.542054 0.746956 0.024537 0.041857
0 0.179775 0.961473 0.025980 0.035198
0 0.378234 0.536339 0.027424 0.038052
0 0.406740 0.523973 0.026702 0.038052
0 0.415761 0.341039 0.024537 0.035198
0 0.494784 0.426180 0.031032 0.041857
0 0.493702 0.285864 0.023093 0.044711
0 0.417565 0.137938 0.023815 0.034247
0 0.385812 0.291572 0.026702 0.039003
0 0.505609 0.534532 0.022372 0.048516
0 0.532600 0.220700 0.023815 0.034247
0 0.546312 0.126522 0.026702 0.041857
0 0.581673 0.206431 0.025258 0.038052
0 0.550281 0.276826 0.023093 0.038052
0 0.621365 0.219749 0.023815 0.038052
0 0.658892 0.187405 0.023815 0.039954
0 0.560023 0.453767 0.020928 0.034247
0 0.624613 0.595034 0.023093 0.035198
0 0.586725 0.796899 0.025258 0.039003
0 0.645541 0.681792 0.025980 0.035198
0 0.621726 0.822108 0.027424 0.034247
0 0.688481 0.812119 0.028145 0.033295
0 0.695698 0.679890 0.026702 0.037100
0 0.738998 0.897260 0.028145 0.039954
0 0.781937 0.736492 0.025980 0.038052
0 0.702914 0.550514 0.023815 0.040906
0 0.693821 0.197869 0.026702 0.043760
0 0.736400 0.163623 0.028145 0.047565
0 0.829135 0.215944 0.025980 0.041857
0 0.857280 0.216419 0.025980 0.035198
0 0.776813 0.402397 0.026702 0.038052
0 0.736400 0.385750 0.028145 0.044711
0 0.824804 0.853976 0.023093 0.039003
0 0.819753 0.712234 0.023093 0.040906
0 0.866301 0.697489 0.020928 0.036149
0 0.881817 0.766933 0.025980 0.038052
0 0.923673 0.791191 0.023093 0.035198
0 0.958314 0.786910 0.025980 0.043760
0 0.967335 0.890601 0.023815 0.034247
0 0.939911 0.983352 0.020928 0.031393
0 0.866661 0.859209 0.023093 0.039954
0 0.777535 0.609304 0.026702 0.037100
0 0.806402 0.561263 0.025258 0.041857
0 0.914653 0.602169 0.028145 0.038052
0 0.848259 0.416286 0.028145 0.043760
0 0.880734 0.379661 0.023815 0.035198
0 0.768875 0.286339 0.020928 0.041857
0 0.973830 0.243056 0.028145 0.037100
0 0.771040 0.431887 0.022372 0.034247
0 0.465412 0.078482 0.024537 0.029490
0 0.597169 0.635576 0.029037 0.044319
0 0.982592 0.940270 0.024452 0.039283
0 0.659368 0.502921 0.029037 0.045326
0 0.685348 0.536160 0.019867 0.035254