0 0.123152 0.152825 0.025331 0.047089
0 0.170890 0.228168 0.025980 0.041952
0 0.252728 0.154966 0.028578 0.044521
0 0.292997 0.211045 0.029877 0.045377
0 0.354700 0.105308 0.027279 0.034247
0 0.378732 0.096747 0.025980 0.039384
0 0.334565 0.315497 0.025980 0.045377
0 0.252078 0.310788 0.024681 0.039384
0 0.172189 0.157962 0.023382 0.038527
0 0.097172 0.392123 0.034424 0.047945
0 0.045861 0.438356 0.034424 0.049658
0 0.256300 0.440068 0.033125 0.049658
0 0.177385 0.549914 0.024681 0.043664
0 0.202716 0.522517 0.028578 0.047089
0 0.256950 0.663699 0.030527 0.041096
0 0.207587 0.658990 0.024032 0.038527
0 0.227397 0.757449 0.027279 0.036815
0 0.214732 0.872432 0.029228 0.037671
0 0.120554 0.949914 0.033125 0.045377
0 0.328070 0.901541 0.023382 0.037671
0 0.389124 0.850599 0.025980 0.038527
0 0.389449 0.679709 0.030527 0.038527
0 0.345932 0.479366 0.027929 0.040240
0 0.397243 0.556849 0.025331 0.042808
0 0.308603 0.493579 0.027604 0.038527
0 0.410088 0.301477 0.029228 0.046019
0 0.385732 0.387628 0.021109 0.038527
0 0.408870 0.394585 0.020297 0.033176
0 0.492494 0.435788 0.026792 0.047089
0 0.445405 0.203018 0.031663 0.043878
0 0.422266 0.104024 0.029228 0.044949
0 0.519286 0.961687 0.030040 0.038527
0 0.568405 0.942423 0.029228 0.047089
0 0.560286 0.789919 0.025980 0.037457
0 0.610622 0.804902 0.025980 0.039598
0 0.611840 0.671126 0.025168 0.037457
0 0.535118 0.671661 0.025980 0.036387
0 0.138920 0.593215 0.032475 0.048159
0 0.542018 0.082406 0.026792 0.038527
0 0.593979 0.218322 0.028416 0.044949
0 0.583018 0.064212 0.029228 0.047089
0 0.536741 0.385809 0.030851 0.043878
0 0.529028 0.528574 0.026792 0.037457
0 0.577335 0.520869 0.034099 0.052868
0 0.624424 0.581550 0.029228 0.042808
0 0.644315 0.444028 0.028416 0.035317
0 0.726721 0.482770 0.025980 0.041738
0 0.753919 0.736408 0.030040 0.039598
0 0.728345 0.652397 0.029228 0.044949
0 0.666236 0.872324 0.030040 0.035317
0 0.948770 0.787243 0.028416 0.040668
0 0.817652 0.819884 0.027604 0.033176
0 0.857840 0.556614 0.026792 0.037457
0 0.767721 0.550728 0.030040 0.040668
0 0.888285 0.630137 0.027604 0.029966
0 0.849721 0.654217 0.021921 0.037457
0 0.773404 0.660638 0.026792 0.037457
0 0.951612 0.449486 0.021109 0.029966
0 0.899652 0.321062 0.025980 0.029966
0 0.680038 0.423801 0.031663 0.038527
0 0.781117 0.312500 0.030851 0.038527
0 0.674761 0.254174 0.030851 0.039598
0 0.658523 0.078660 0.027604 0.039598
0 0.714137 0.138592 0.028416 0.043878
0 0.764068 0.096318 0.022733 0.032106
0 0.819681 0.258990 0.030040 0.044949
0 0.914671 0.155715 0.031663 0.043878
0 0.876513 0.205479 0.031663 0.038527
0 0.484672 0.123288 0.038970 0.054795