0 0.830926 0.239314 0.026533 0.037774
2 0.801445 0.189736 0.097288 0.139290
0 0.743956 0.039822 0.023585 0.042495
0 0.589549 0.095892 0.025796 0.050758
0 0.540537 0.138387 0.030955 0.050758
0 0.615345 0.182063 0.031692 0.062563
0 0.881412 0.306008 0.025796 0.046037
0 0.883623 0.350864 0.030218 0.046037
0 0.733638 0.236953 0.026533 0.047217
0 0.697524 0.205081 0.019163 0.040134
0 0.878464 0.048675 0.027270 0.041315
0 0.939269 0.276497 0.028007 0.041315
0 0.918264 0.499597 0.030218 0.041315
0 0.835716 0.441757 0.024322 0.036593
0 0.776017 0.456512 0.030218 0.049578
0 0.726268 0.435264 0.029481 0.044856
0 0.699735 0.466546 0.029481 0.050758
0 0.748379 0.504909 0.026533 0.044856
0 0.729953 0.562160 0.026533 0.034232
0 0.840139 0.536781 0.033166 0.044856
0 0.909788 0.756104 0.033903 0.044856
0 0.864460 0.721872 0.031692 0.047217
0 0.774543 0.721281 0.030218 0.043676
0 0.729584 0.709477 0.028744 0.038954
0 0.878833 0.848177 0.028007 0.042495
0 0.904629 0.903067 0.029481 0.038954
0 0.883623 0.937890 0.028744 0.051939
0 0.828346 0.908379 0.027270 0.040134
0 0.799971 0.908969 0.029481 0.041315
0 0.705262 0.760235 0.031692 0.048397
0 0.635982 0.724232 0.030218 0.042495
0 0.611291 0.626257 0.029481 0.049578
0 0.619767 0.545988 0.028744 0.047217
0 0.543485 0.490508 0.028007 0.049578
0 0.601341 0.780893 0.028744 0.044856
0 0.677992 0.870015 0.031692 0.053119
0 0.728110 0.976844 0.031692 0.044856
0 0.605764 0.372702 0.028744 0.047217
0 0.499263 0.268824 0.023585 0.044856
0 0.421506 0.161406 0.034640 0.054300
0 0.415979 0.272366 0.026533 0.047217
0 0.484891 0.534420 0.031692 0.049578
0 0.429245 0.500778 0.033903 0.048397
0 0.454673 0.625313 0.024322 0.042495
0 0.525796 0.797065 0.032429 0.048397
0 0.469045 0.827756 0.030955 0.050758
0 0.555646 0.945562 0.028744 0.050758
0 0.445828 0.883000 0.030218 0.046037
0 0.414505 0.888902 0.030955 0.048397
0 0.499263 0.189146 0.025059 0.053119
0 0.671359 0.122451 0.028744 0.047217
0 0.319060 0.106162 0.030218 0.049578
0 0.302476 0.223614 0.032429 0.050758
0 0.322745 0.403039 0.025796 0.048397
0 0.282945 0.374708 0.033166 0.048397
0 0.366598 0.600406 0.030955 0.057841
0 0.205926 0.612210 0.032429 0.057841
0 0.207768 0.737807 0.034640 0.064923
0 0.174602 0.895394 0.030218 0.063743
0 0.158019 0.965630 0.030955 0.057841
0 0.140330 0.756104 0.039800 0.066104
0 0.284051 0.687639 0.035377 0.051939
0 0.379864 0.972486 0.032429 0.055028
0 0.547170 0.735328 0.028007 0.040134
0 0.533903 0.265637 0.033903 0.062563
0 0.568912 0.659309 0.030218 0.051939
0 0.486365 0.490154 0.027270 0.038954
0 0.581442 0.376833 0.030218 0.046037
0 0.729142 0.148421 0.019900 0.040134