0 0.058157 0.135979 0.022924 0.032232
0 0.138772 0.030721 0.026744 0.035254
0 0.105150 0.270951 0.022160 0.036261
0 0.101330 0.399073 0.028273 0.038276
0 0.068854 0.555701 0.035150 0.037268
0 0.103240 0.543110 0.029037 0.042305
0 0.233905 0.016620 0.030565 0.033239
0 0.025299 0.112812 0.038206 0.048348
0 0.237725 0.365834 0.030565 0.044319
0 0.209071 0.316479 0.023688 0.032232
0 0.222061 0.495770 0.026744 0.042305
0 0.083755 0.690975 0.028273 0.038276
0 0.035233 0.719682 0.029037 0.039283
0 0.178506 0.928687 0.029801 0.040290
0 0.120433 0.967466 0.028273 0.037268
0 0.234287 0.788678 0.031329 0.036261
0 0.325599 0.926168 0.027508 0.033239
0 0.354254 0.958400 0.019103 0.031225
0 0.029884 0.566076 0.025980 0.034247
0 0.167426 0.548449 0.024452 0.039283
0 0.287393 0.634569 0.033621 0.040290
0 0.273639 0.141519 0.027508 0.051370
0 0.297327 0.404412 0.027508 0.047341
0 0.312609 0.247784 0.021395 0.038276
0 0.321015 0.086120 0.025980 0.045326
0 0.393988 0.238719 0.023688 0.042305
0 0.432195 0.198932 0.020631 0.033239
0 0.373739 0.308219 0.024452 0.036261
0 0.264088 0.270346 0.028273 0.054392
0 0.340500 0.713840 0.022160 0.031225
0 0.361895 0.839545 0.022160 0.041297
1 0.480334 0.672844 0.104685 0.066479
0 0.390550 0.679392 0.030565 0.043312
0 0.440982 0.949839 0.025980 0.032232
0 0.419587 0.805298 0.027508 0.037268
0 0.361131 0.708098 0.022160 0.032232
0 0.520680 0.689968 0.025216 0.028203
0 0.521826 0.980056 0.022924 0.030218
0 0.583720 0.948328 0.025980 0.029210
0 0.616959 0.861201 0.025216 0.032232
0 0.680764 0.825443 0.022924 0.031225
0 0.626129 0.738316 0.025216 0.032232
0 0.568438 0.759468 0.019867 0.034247
0 0.730049 0.875302 0.019103 0.028203
0 0.750681 0.826450 0.022160 0.029210
0 0.713621 0.736805 0.027508 0.033239
0 0.778953 0.720185 0.025216 0.040290
0 0.824037 0.663276 0.023688 0.041297
0 0.791179 0.948328 0.026744 0.037268
0 0.837027 0.822925 0.020631 0.030218
0 0.855748 0.762994 0.018339 0.035254
0 0.896246 0.870266 0.025980 0.030218
0 0.847342 0.951350 0.024452 0.037268
0 0.894336 0.627015 0.026744 0.039283
0 0.908854 0.783139 0.022160 0.029210
0 0.942858 0.766519 0.025980 0.038276
0 0.906180 0.971998 0.022924 0.032232
0 0.942475 0.935234 0.022160 0.037268
0 0.872176 0.868755 0.022160 0.039283
0 0.697956 0.624396 0.028273 0.041297
0 0.714767 0.502014 0.020631 0.038276
0 0.449234 0.575544 0.021395 0.040290
0 0.482474 0.557413 0.025216 0.040290
0 0.512275 0.521656 0.025216 0.033239
0 0.551245 0.584106 0.025216 0.039283
0 0.411028 0.338940 0.025980 0.041297
0 0.448852 0.337429 0.028273 0.040290
0 0.478271 0.252317 0.022924 0.041297
0 0.493554 0.335919 0.027508 0.043312
0 0.568438 0.382252 0.027508 0.045326
0 0.603587 0.325846 0.027508 0.045326
0 0.537491 0.139504 0.025216 0.041297
0 0.388487 0.090149 0.023688 0.035254
0 0.651345 0.039786 0.025216 0.041297
0 0.645232 0.376108 0.028273 0.046334
0 0.674269 0.377619 0.026744 0.041297
0 0.869120 0.547542 0.022160 0.042305
0 0.837027 0.517325 0.025216 0.036261
0 0.754119 0.510778 0.022924 0.037268
0 0.930632 0.494057 0.022924 0.041297
0 0.953937 0.490028 0.029801 0.041297
0 0.837409 0.262389 0.024452 0.043312
0 0.733488 0.361100 0.025980 0.047341
0 0.788123 0.268433 0.028273 0.047341
0 0.760996 0.327861 0.030565 0.045326
0 0.712093 0.336926 0.022924 0.045326
0 0.834734 0.061442 0.031329 0.040290
0 0.928721 0.074537 0.029801 0.046334
0 0.913821 0.028203 0.033621 0.042305
0 0.593272 0.173751 0.026744 0.045326
0 0.775133 0.054895 0.029801 0.049355
0 0.323595 0.378425 0.025980 0.047945
0 0.270335 0.916096 0.033774 0.041096