0 0.772918 0.874652 0.025123 0.034489
0 0.794965 0.821687 0.026148 0.035310
0 0.875205 0.818813 0.021534 0.036131
0 0.936731 0.777344 0.024610 0.036952
0 0.736259 0.906678 0.024610 0.042701
0 0.850595 0.927207 0.024610 0.037774
0 0.827523 0.976887 0.024610 0.032025
0 0.716263 0.806085 0.025636 0.038595
0 0.672426 0.917764 0.026148 0.040237
0 0.624744 0.938703 0.022047 0.044343
0 0.803938 0.729306 0.022559 0.036131
0 0.793427 0.652938 0.025123 0.037774
0 0.771380 0.680036 0.019996 0.029562
0 0.649610 0.686605 0.028712 0.042701
0 0.842391 0.603011 0.021534 0.029562
0 0.900328 0.586998 0.021534 0.038595
0 0.731645 0.566058 0.019483 0.034489
0 0.671657 0.525821 0.023585 0.045985
0 0.839571 0.559407 0.027174 0.033668
0 0.800092 0.430894 0.027174 0.032847
0 0.877769 0.411597 0.023585 0.032025
0 0.911352 0.413239 0.023072 0.033668
0 0.660377 0.403385 0.023585 0.033668
0 0.617309 0.464973 0.028712 0.043522
0 0.849569 0.352473 0.022559 0.030383
0 0.888536 0.285137 0.022559 0.033668
0 0.805219 0.299918 0.024098 0.035310
0 0.678322 0.271588 0.028712 0.041058
0 0.666274 0.041251 0.025123 0.035310
0 0.749333 0.131990 0.024098 0.031204
0 0.878794 0.155804 0.021534 0.036131
0 0.654481 0.586341 0.031276 0.046806
0 0.874180 0.216160 0.018458 0.030383
0 0.800349 0.104892 0.021534 0.041058
0 0.570909 0.320858 0.022047 0.039416
0 0.552963 0.397309 0.029225 0.038595
0 0.484516 0.365694 0.026661 0.041058
0 0.555014 0.126242 0.022047 0.041058
0 0.777789 0.474416 0.022559 0.036131
0 0.527840 0.910045 0.023072 0.043522
0 0.536813 0.973274 0.024610 0.045164
0 0.525277 0.774552 0.023072 0.033668
0 0.558347 0.748686 0.025636 0.039416
0 0.551169 0.646861 0.024610 0.044343
0 0.740617 0.687919 0.026148 0.042701
0 0.847775 0.727335 0.022047 0.034489
0 0.486823 0.204253 0.022047 0.049270
0 0.626025 0.283906 0.022559 0.039416
0 0.296708 0.660821 0.028199 0.050912
0 0.364130 0.665337 0.024610 0.051733
0 0.444370 0.646040 0.030250 0.059124
0 0.447959 0.740474 0.024098 0.049270
0 0.461034 0.845994 0.025636 0.035310
0 0.437961 0.858722 0.027687 0.042701
0 0.442576 0.553248 0.029737 0.047628
0 0.502307 0.512190 0.024098 0.050912
0 0.391817 0.597016 0.030763 0.063230
0 0.286198 0.455776 0.032814 0.056660
0 0.300041 0.349845 0.027687 0.051733
0 0.382332 0.349188 0.028199 0.053376
0 0.460777 0.283495 0.029225 0.051733
0 0.310295 0.203431 0.025636 0.047628
0 0.300810 0.127966 0.025123 0.043522
0 0.147252 0.772828 0.025636 0.050912
0 0.142637 0.565648 0.028712 0.059945
0 0.251333 0.481807 0.029737 0.057482
0 0.856132 0.965266 0.030522 0.038885
0 0.558546 0.706183 0.031909 0.041107
0 0.777400 0.304117 0.028441 0.037774
0 0.842952 0.458100 0.026360 0.033330