0 0.015108 0.231164 0.026792 0.042808
0 0.112128 0.259525 0.024356 0.052440
0 0.121059 0.172838 0.029228 0.050300
0 0.157593 0.183005 0.030851 0.042808
0 0.213207 0.131635 0.026792 0.047089
0 0.277752 0.375642 0.030851 0.044949
0 0.301296 0.355308 0.032475 0.044949
0 0.119435 0.435574 0.035723 0.047089
0 0.337425 0.323737 0.030040 0.043878
0 0.227821 0.514983 0.021921 0.040668
0 0.197781 0.646618 0.025168 0.047089
0 0.152316 0.861087 0.025168 0.044949
0 0.144197 0.892123 0.026792 0.040668
0 0.082088 0.769585 0.024356 0.039598
0 0.243247 0.807577 0.026792 0.047089
0 0.236752 0.967573 0.025168 0.037457
0 0.061791 0.659354 0.032475 0.041738
0 0.343514 0.894264 0.025980 0.036387
0 0.363405 0.820420 0.028416 0.042808
0 0.345544 0.731592 0.028416 0.036387
0 0.300078 0.690390 0.028416 0.041738
0 0.151098 0.655608 0.027604 0.042808
0 0.279375 0.925300 0.024356 0.042808
0 0.415771 0.846104 0.022733 0.032106
0 0.449464 0.805437 0.023545 0.042808
0 0.444999 0.865903 0.021109 0.035317
0 0.415365 0.907641 0.025168 0.039598
0 0.481533 0.768515 0.025980 0.033176
0 0.590325 0.794735 0.030851 0.038527
0 0.576929 0.745505 0.025168 0.034247
0 0.318346 0.566032 0.029228 0.043878
0 0.367464 0.539812 0.033287 0.044949
0 0.407652 0.579944 0.027604 0.041738
0 0.453118 0.585830 0.024356 0.036387
0 0.412930 0.333904 0.028416 0.047089
0 0.425514 0.226348 0.024356 0.039598
0 0.311039 0.067423 0.025980 0.042808
0 0.494524 0.348352 0.022733 0.031036
0 0.472603 0.485873 0.024356 0.036387
0 0.393850 0.408818 0.022733 0.032106
0 0.521721 0.223673 0.025168 0.044949
0 0.559880 0.558754 0.033287 0.048159
0 0.379237 0.631528 0.025980 0.043878
0 0.625236 0.598352 0.024356 0.039598
0 0.609810 0.436537 0.024356 0.039598
0 0.632949 0.450449 0.025168 0.033176
0 0.527811 0.089362 0.025980 0.043878
0 0.574088 0.251498 0.025980 0.042808
0 0.605345 0.211901 0.028416 0.038527
0 0.645939 0.218857 0.025168 0.048159
0 0.645939 0.321062 0.023545 0.042808
0 0.613870 0.169092 0.030851 0.047089
0 0.656088 0.077055 0.030851 0.049229
0 0.687751 0.203874 0.030851 0.050300
0 0.731998 0.068493 0.023545 0.036387
0 0.768127 0.167487 0.025980 0.050300
0 0.814810 0.420056 0.028416 0.048159
0 0.812375 0.498716 0.023545 0.040668
0 0.733622 0.364940 0.025168 0.047089
0 0.737276 0.467145 0.024356 0.046019
0 0.708860 0.538848 0.027604 0.043878
0 0.760820 0.555972 0.022733 0.039598
0 0.804662 0.562393 0.025980 0.043878
0 0.975968 0.245612 0.030851 0.048159
0 0.821305 0.707620 0.026792 0.036387
0 0.803850 0.119863 0.027604 0.042808
0 0.937358 0.305884 0.028342 0.048257
0 0.865912 0.456647 0.030704 0.047478
0 0.866798 0.782612 0.025390 0.033468
0 0.825761 0.777553 0.024799 0.037360
0 0.895435 0.871342 0.022437 0.039695
0 0.863255 0.872899 0.019485 0.028798
0 0.925253 0.932830 0.021847 0.031912
0 0.748116 0.632628 0.025390 0.038917
0 0.690841 0.676681 0.024209 0.043587
0 0.716526 0.633095 0.023618 0.037360
0 0.731583 0.811021 0.023028 0.032690
0 0.747230 0.745641 0.018895 0.031133
0 0.692318 0.879125 0.029523 0.033468
0 0.686413 0.955791 0.018895 0.029577
0 0.814542 0.895081 0.025980 0.042030
0 0.912558 0.762375 0.028342 0.039695
0 0.846427 0.649362 0.020076 0.028798
0 0.495531 0.872893 0.021983 0.035564
0 0.215582 0.830090 0.023618 0.036582
0 0.188421 0.114026 0.023618 0.038138
0 0.326529 0.202755 0.017123 0.035025