0 0.471934 0.483946 0.023585 0.050994
0 0.516745 0.550050 0.028302 0.054772
0 0.563915 0.703978 0.018868 0.041551
1 0.543278 0.724753 0.060142 0.083102
1 0.512618 0.638818 0.038915 0.220976
1 0.453066 0.554772 0.063679 0.188868
0 0.381486 0.163176 0.029481 0.055480
0 0.452978 0.221607 0.028007 0.047217
0 0.353110 0.138977 0.025796 0.051939
0 0.305203 0.192687 0.030218 0.053119
0 0.276091 0.215705 0.029481 0.056660
0 0.264667 0.367390 0.033166 0.055480
0 0.204231 0.431723 0.031692 0.061382
0 0.190227 0.473628 0.030218 0.053119
0 0.323998 0.434674 0.033903 0.048397
0 0.286409 0.828936 0.035377 0.067284
0 0.325103 0.935175 0.034640 0.053119
0 0.261350 0.949930 0.032429 0.059021
0 0.485775 0.941077 0.031692 0.053119
0 0.522258 0.831297 0.032429 0.048397
0 0.432341 0.762242 0.026533 0.037774
0 0.358638 0.651282 0.026533 0.054300
0 0.322524 0.642429 0.030955 0.050758
0 0.272774 0.590490 0.031692 0.055480
0 0.151975 0.547405 0.025059 0.059021
0 0.220519 0.684924 0.025059 0.048397
0 0.038104 0.941077 0.033166 0.064923
0 0.216834 0.964685 0.041274 0.057841
0 0.357238 0.846052 0.043485 0.059021
0 0.548496 0.959373 0.032429 0.044856
0 0.619988 0.850184 0.029481 0.041315
0 0.648143 0.803911 0.032429 0.046037
0 0.700103 0.873556 0.034640 0.046037
0 0.744325 0.860572 0.024322 0.041315
0 0.954746 0.980159 0.032429 0.039682
0 0.978331 0.903067 0.029481 0.043676
0 0.779702 0.771450 0.031692 0.040134
0 0.755749 0.785024 0.023585 0.038954
0 0.688311 0.631569 0.028744 0.046037
0 0.624779 0.501958 0.028744 0.036593
0 0.609301 0.599343 0.031692 0.051939
0 0.548496 0.490154 0.025059 0.031871
0 0.450103 0.414017 0.022848 0.042495
0 0.732754 0.588720 0.026533 0.042495
0 0.778818 0.590490 0.030218 0.036593
0 0.818249 0.557438 0.028007 0.043676
0 0.960495 0.698499 0.028007 0.047217
0 0.910009 0.514471 0.022848 0.041315
0 0.932488 0.489092 0.022111 0.033052
0 0.795769 0.394067 0.022848 0.041315
0 0.746020 0.330915 0.026533 0.035413
0 0.525649 0.192805 0.029481 0.044856
0 0.589770 0.236481 0.026533 0.040134
0 0.595298 0.287829 0.028744 0.043676
0 0.600088 0.182181 0.025059 0.049578
0 0.625884 0.162704 0.028007 0.048397
0 0.702167 0.186903 0.021374 0.044856
0 0.719856 0.137915 0.025796 0.046037
0 0.794664 0.232939 0.026533 0.042495
0 0.668264 0.322179 0.022848 0.051939
0 0.693323 0.367036 0.025796 0.040134
0 0.901902 0.794468 0.027270 0.036593
0 0.131117 0.620591 0.031692 0.061382
0 0.118219 0.948513 0.028007 0.054300
0 0.790389 0.163884 0.026533 0.043676
0 0.895416 0.283107 0.022848 0.046037
0 0.901312 0.215233 0.021374 0.042495
1 0.970003 0.206970 0.059994 0.136929
0 0.957326 0.164475 0.027270 0.042495
0 0.851931 0.330324 0.027270 0.043676
0 0.572966 0.325839 0.029481 0.048397