0 0.778228 0.123514 0.024322 0.043676
0 0.737323 0.152434 0.028007 0.049578
0 0.620504 0.092823 0.024322 0.043676
0 0.525059 0.208504 0.025059 0.060202
0 0.662883 0.368452 0.025059 0.049578
0 0.529850 0.314743 0.027270 0.048397
0 0.497052 0.555550 0.030955 0.046037
0 0.612028 0.479412 0.025059 0.040134
0 0.770489 0.467608 0.029481 0.042495
0 0.788547 0.261624 0.022848 0.046037
0 0.831663 0.260443 0.023585 0.043676
0 0.855985 0.201422 0.026533 0.038954
0 0.834979 0.606898 0.018426 0.037774
0 0.922686 0.638770 0.027270 0.037774
0 0.891731 0.664149 0.024322 0.036593
0 0.927108 0.572902 0.028744 0.037774
0 0.787073 0.581401 0.025796 0.037774
0 0.716686 0.566646 0.030955 0.046037
0 0.664357 0.722462 0.026533 0.043676
0 0.905734 0.737217 0.030218 0.047217
0 0.687574 0.894214 0.030218 0.044856
0 0.662146 0.979569 0.030955 0.040862
0 0.567070 0.921364 0.035377 0.049578
0 0.414136 0.900116 0.030218 0.051939
0 0.441775 0.923134 0.026533 0.046037
0 0.414505 0.786795 0.032429 0.051939
0 0.384287 0.610321 0.023585 0.057841
0 0.532061 0.720691 0.025796 0.047217
0 0.931899 0.981929 0.030955 0.036141
0 0.404555 0.433021 0.027270 0.048397
0 0.366303 0.373292 0.026533 0.048397
0 0.284493 0.508569 0.026533 0.053119
0 0.227742 0.530407 0.030955 0.056660
0 0.276017 0.687993 0.024322 0.057841
0 0.399175 0.561216 0.026533 0.048397
0 0.353110 0.867064 0.027270 0.051939
0 0.325472 0.910150 0.028007 0.055480
0 0.245136 0.868835 0.023585 0.060202
0 0.209758 0.636881 0.029481 0.056660
0 0.351268 0.664621 0.029481 0.053119
0 0.502727 0.367980 0.030218 0.054300
0 0.587854 0.128354 0.025059 0.054300
0 0.666716 0.199179 0.025059 0.049578
0 0.691775 0.712428 0.026533 0.042495
0 0.153081 0.651046 0.025796 0.054300
0 0.078641 0.906018 0.030218 0.054300
0 0.322818 0.105926 0.030955 0.068465
0 0.832031 0.903067 0.034640 0.043676
0 0.931162 0.854670 0.028007 0.046037
0 0.931899 0.929036 0.025059 0.043676
0 0.971698 0.872376 0.022111 0.034232
0 0.385292 0.089687 0.030017 0.046359
0 0.287200 0.416772 0.031089 0.061811