0 0.026446 0.160657 0.032857 0.045326
0 0.159021 0.247784 0.032093 0.046334
0 0.133041 0.081084 0.029037 0.043312
0 0.215948 0.082091 0.035914 0.057413
0 0.281280 0.204472 0.035150 0.048348
0 0.345849 0.251309 0.023688 0.043312
0 0.377942 0.248288 0.031329 0.045326
0 0.392460 0.171233 0.025216 0.054392
0 0.336679 0.045830 0.029801 0.045326
0 0.409653 0.023670 0.033621 0.047340
0 0.444038 0.061442 0.030565 0.046334
0 0.503640 0.260375 0.025980 0.039283
0 0.496763 0.406326 0.029037 0.046334
0 0.503640 0.104754 0.032093 0.040290
0 0.589604 0.066479 0.029801 0.050363
0 0.572793 0.213537 0.028273 0.044319
0 0.447477 0.254633 0.028273 0.042305
0 0.544138 0.362913 0.029037 0.047341
0 0.573939 0.528908 0.025980 0.041297
0 0.389022 0.475524 0.029037 0.041297
0 0.445185 0.511785 0.029801 0.041297
0 0.396663 0.589948 0.030565 0.047341
0 0.455882 0.633763 0.026744 0.044319
0 0.558657 0.634267 0.024452 0.047341
0 0.568972 0.733985 0.026744 0.037268
0 0.576232 0.823127 0.024452 0.040290
0 0.308407 0.773771 0.026744 0.040290
0 0.317194 0.687147 0.029037 0.042305
0 0.247659 0.600524 0.025980 0.036261
0 0.278224 0.764706 0.027508 0.042305
0 0.214420 0.785858 0.028273 0.034247
0 0.117758 0.763195 0.032093 0.043312
0 0.366862 0.859690 0.022924 0.035254
0 0.273639 0.923147 0.025980 0.037268
0 0.231612 0.928687 0.030565 0.030218
0 0.184237 0.930197 0.018339 0.031225
0 0.266380 0.971495 0.025216 0.033239
0 0.341264 0.939263 0.029801 0.031225
0 0.319487 0.965955 0.025980 0.032232
0 0.476132 0.915592 0.029037 0.036261
0 0.576537 0.948832 0.029037 0.038276
0 0.651803 0.977035 0.023688 0.026189
0 0.517318 0.547442 0.023688 0.039283
0 0.590291 0.704069 0.025980 0.040290
0 0.660209 0.771052 0.026744 0.035254
0 0.691156 0.699033 0.022924 0.036261
0 0.711787 0.697522 0.022924 0.035254
0 0.714843 0.834005 0.022924 0.036261
0 0.725541 0.899980 0.021395 0.037268
0 0.809977 0.900987 0.026744 0.041297
0 0.861555 0.753425 0.027508 0.046334
0 0.803482 0.733280 0.027508 0.046334
0 0.763365 0.883360 0.025216 0.036261
0 0.788199 0.675665 0.021395 0.032232
0 0.809213 0.585516 0.026744 0.041297
0 0.638431 0.570105 0.032093 0.048348
0 0.635375 0.467365 0.029037 0.040290
0 0.662119 0.385274 0.027508 0.043312
0 0.696122 0.311241 0.029801 0.036261
0 0.646837 0.295629 0.025980 0.033239
0 0.630408 0.102236 0.031329 0.041297
0 0.705674 0.086624 0.025980 0.032232
0 0.812651 0.300665 0.035150 0.049355
0 0.758780 0.394339 0.029801 0.041297
0 0.790492 0.122885 0.030565 0.044319
0 0.876073 0.046334 0.027508 0.048348
0 0.639959 0.060939 0.030565 0.053384
0 0.927293 0.224405 0.024613 0.043259
0 0.836020 0.516042 0.023929 0.046864
0 0.931737 0.580660 0.022562 0.036950
0 0.886272 0.649063 0.024613 0.037851
0 0.902680 0.594989 0.024613 0.039654
0 0.975151 0.789744 0.025980 0.044160
1 0.984499 0.869503 0.031002 0.133381
0 0.980279 0.918619 0.022562 0.036950
0 0.949171 0.837058 0.020511 0.037851
0 0.841148 0.802361 0.027348 0.040555
0 0.890716 0.912311 0.029399 0.040555
0 0.816877 0.069394 0.028031 0.043259
0 0.118217 0.969713 0.034911 0.037457