2 0.330364 0.278479 0.045807 0.228911
0 0.341987 0.373107 0.026664 0.039654
0 0.030499 0.227559 0.026664 0.040555
0 0.163134 0.115357 0.028031 0.048666
0 0.309444 0.052722 0.028031 0.040555
0 0.316622 0.100937 0.027348 0.041456
0 0.281412 0.234769 0.026664 0.044160
0 0.235947 0.312725 0.030082 0.050469
0 0.200395 0.362293 0.030082 0.045061
0 0.147751 0.261806 0.025980 0.042358
0 0.128950 0.489816 0.030766 0.047765
0 0.034259 0.584355 0.025980 0.045061
0 0.088612 0.765411 0.029399 0.047765
0 0.025029 0.769917 0.025296 0.040555
0 0.069127 0.903298 0.031450 0.038753
0 0.133736 0.933940 0.029399 0.038753
0 0.180226 0.900595 0.028031 0.036950
0 0.355251 0.921323 0.028031 0.033345
0 0.347388 0.953767 0.024613 0.031543
0 0.316622 0.978551 0.027348 0.032444
0 0.204497 0.837960 0.025980 0.037851
0 0.277994 0.816330 0.022562 0.039654
0 0.294402 0.741078 0.028031 0.038753
0 0.378496 0.841114 0.025296 0.029740
0 0.554204 0.931236 0.021194 0.031543
0 0.486177 0.824892 0.021878 0.036950
0 0.356618 0.578767 0.025296 0.039654
0 0.403109 0.537311 0.025296 0.045061
0 0.266371 0.404380 0.022562 0.044160
0 0.264320 0.535959 0.029399 0.047765
0 0.485835 0.630678 0.033501 0.046864
0 0.372001 0.679434 0.028715 0.042358
0 0.452334 0.365087 0.025296 0.045963
0 0.403793 0.227650 0.026664 0.041456
0 0.386359 0.162311 0.030082 0.042358
0 0.424645 0.078947 0.024613 0.043259
0 0.478998 0.018295 0.026664 0.036590
0 0.451651 0.204668 0.023929 0.044160
0 0.492330 0.330389 0.030082 0.048666
0 0.657920 0.967736 0.027348 0.032444
0 0.644246 0.873558 0.021878 0.031543
0 0.695028 0.909675 0.023815 0.028539
0 0.702606 0.856521 0.022733 0.026398
0 0.772428 0.909318 0.025980 0.030679
0 0.754025 0.857235 0.023815 0.029252
0 0.784876 0.821561 0.028145 0.040668
0 0.849827 0.938213 0.024898 0.034247
0 0.912071 0.949986 0.023815 0.029252
0 0.882573 0.900400 0.023274 0.032820
0 0.917213 0.878995 0.021109 0.034247
0 0.886361 0.836544 0.021109 0.029252
0 0.967549 0.921090 0.020026 0.028539
0 0.968091 0.763770 0.021109 0.032106
0 0.876348 0.754352 0.025980 0.039241
0 0.830883 0.692994 0.020568 0.030679
0 0.805985 0.638413 0.022733 0.031393
0 0.807609 0.668379 0.016238 0.021404
0 0.816540 0.747574 0.022191 0.032820
0 0.779193 0.736159 0.020026 0.031393
0 0.701253 0.729024 0.022191 0.032820
0 0.657141 0.730808 0.024898 0.030679
0 0.699900 0.792594 0.024898 0.034960
0 0.606533 0.727668 0.026521 0.034960
0 0.702335 0.618936 0.023274 0.033533
0 0.655787 0.634632 0.023274 0.027825
0 0.614923 0.607163 0.024898 0.031393
0 0.584613 0.496504 0.021650 0.039241
0 0.628725 0.438713 0.025439 0.036387
0 0.759708 0.592680 0.022191 0.034960
0 0.729127 0.547731 0.025980 0.036387
0 0.989864 0.649401 0.020272 0.034247
0 0.870936 0.489726 0.023815 0.039954
0 0.844685 0.469035 0.024356 0.041381
0 0.742117 0.397688 0.021650 0.037100
0 0.979998 0.510060 0.022191 0.037814
0 0.781629 0.273973 0.021650 0.039954
0 0.677979 0.222603 0.023274 0.039954
0 0.643609 0.346747 0.023815 0.038527
0 0.577035 0.117723 0.022733 0.039954
0 0.639550 0.099529 0.024356 0.037814
0 0.703147 0.143408 0.021650 0.037100
0 0.770804 0.134132 0.023815 0.032820
0 0.802197 0.136273 0.022733 0.034247
0 0.877701 0.151969 0.026521 0.035674
0 0.961596 0.173730 0.024356 0.040668
0 0.612333 0.265656 0.023506 0.039139
0 0.565940 0.309687 0.029692 0.039139
0 0.554496 0.560013 0.032784 0.047293
0 0.597092 0.925363 0.022160 0.033239
0 0.882110 0.589545 0.032857 0.049355
0 0.529085 0.186342 0.025216 0.036261
0 0.924901 0.246273 0.031329 0.051370
0 0.684584 0.059932 0.025980 0.041297
0 0.361633 0.042150 0.031976 0.042150
0 0.602963 0.048516 0.020207 0.030441
0 0.798536 0.348174 0.030310 0.047565
0 0.544868 0.395263 0.031032 0.042808
0 0.843279 0.601884 0.027424 0.040906
0 0.837506 0.848744 0.021650 0.026636