0 0.540638 0.189426 0.029228 0.038527
0 0.155158 0.092038 0.025980 0.040668
0 0.220108 0.061002 0.025980 0.040668
0 0.202247 0.134311 0.029228 0.050300
0 0.255425 0.125214 0.025168 0.042808
0 0.319563 0.183540 0.028416 0.046019
0 0.360969 0.093108 0.030040 0.042808
0 0.329712 0.210295 0.022733 0.035317
0 0.430791 0.258455 0.025168 0.039598
0 0.287088 0.380458 0.026792 0.048159
0 0.247712 0.420056 0.025980 0.041738
0 0.175861 0.367080 0.030040 0.047089
0 0.190474 0.406143 0.025168 0.037457
0 0.132831 0.607342 0.031663 0.048159
0 0.195346 0.733626 0.026792 0.037457
0 0.266791 0.362372 0.021921 0.038527
0 0.235128 0.484375 0.026792 0.034247
0 0.075999 0.886237 0.026792 0.041738
0 0.208742 0.921019 0.030851 0.042808
0 0.253395 0.853596 0.027604 0.032106
0 0.285464 0.735873 0.030040 0.040668
0 0.339454 0.687714 0.019485 0.029966
0 0.321999 0.686109 0.021921 0.028896
0 0.324029 0.920484 0.029228 0.043878
0 0.369494 0.824165 0.025980 0.035317
0 0.390197 0.968643 0.025168 0.041738
0 0.482751 0.875535 0.025168 0.039598
0 0.388979 0.687179 0.025980 0.037457
0 0.387355 0.561323 0.029228 0.035317
0 0.409276 0.490689 0.025980 0.041738
0 0.465296 0.621254 0.029228 0.043878
0 0.449058 0.471426 0.022733 0.035317
0 0.338643 0.527611 0.029228 0.034247
0 0.421048 0.566139 0.020297 0.038527
0 0.477880 0.449486 0.020297 0.040668
0 0.531058 0.410959 0.027604 0.042808
0 0.530652 0.316567 0.021921 0.038099
0 0.590325 0.200664 0.032475 0.048159
0 0.493306 0.211901 0.028416 0.044949
0 0.531464 0.558219 0.023545 0.036387
0 0.571652 0.566246 0.022733 0.041738
0 0.591543 0.657213 0.023545 0.043878
0 0.561504 0.793664 0.025168 0.034247
0 0.552979 0.959011 0.022733 0.037457
0 0.615900 0.906464 0.025168 0.034247
0 0.639038 0.844927 0.025980 0.037457
0 0.636197 0.750214 0.026792 0.040668
0 0.581801 0.360124 0.023545 0.037457
0 0.633761 0.174979 0.026792 0.043878
0 0.671658 0.787158 0.020784 0.030822
0 0.710953 0.811986 0.022733 0.032534
0 0.744078 0.746062 0.024032 0.032534
0 0.784347 0.836815 0.027929 0.039384
0 0.801234 0.800428 0.020135 0.035103
0 0.882097 0.850086 0.025980 0.035103
0 0.861963 0.829966 0.020784 0.034247
0 0.785971 0.872346 0.027279 0.031678
0 0.701535 0.659589 0.023382 0.034247
0 0.841503 0.714384 0.026630 0.041096
0 0.945749 0.802568 0.027279 0.041096
0 0.953218 0.669092 0.021434 0.038527
0 0.938604 0.589897 0.024681 0.037671
0 0.976925 0.553510 0.023382 0.036815
0 0.841179 0.634418 0.018186 0.030822
0 0.729464 0.588014 0.022083 0.027397
0 0.750573 0.555908 0.030527 0.041952
0 0.791816 0.491267 0.025980 0.041096
0 0.820070 0.476712 0.020135 0.035959
0 0.852870 0.475428 0.023382 0.038527
0 0.872030 0.335445 0.022733 0.041096
0 0.972378 0.396832 0.023382 0.041952
0 0.963285 0.243579 0.020784 0.038527
0 0.835008 0.276113 0.025331 0.041952
0 0.756743 0.230736 0.022083 0.036815
0 0.807404 0.199914 0.025980 0.036815
0 0.774280 0.407106 0.027279 0.040240
0 0.730113 0.411901 0.023382 0.038527
0 0.664513 0.462414 0.023382 0.040240
0 0.683349 0.081764 0.024681 0.040240
0 0.744727 0.147688 0.024032 0.038527
0 0.898010 0.254281 0.027929 0.044521
0 0.977899 0.089041 0.026630 0.049658
0 0.911650 0.667380 0.026630 0.038527
0 0.720371 0.454024 0.028578 0.040240