0 0.327358 0.257786 0.029874 0.047847
0 0.258962 0.211828 0.025157 0.049106
0 0.435456 0.200496 0.029088 0.046587
0 0.488915 0.228826 0.024371 0.045328
0 0.503852 0.328297 0.025943 0.042810
0 0.437028 0.489464 0.025943 0.052883
0 0.445283 0.442247 0.025157 0.051624
0 0.293553 0.461134 0.031447 0.054142
0 0.241667 0.525979 0.031447 0.057920
0 0.292374 0.565641 0.025943 0.039033
0 0.582469 0.303744 0.027516 0.049106
0 0.620204 0.146983 0.024371 0.042810
0 0.648506 0.322631 0.024371 0.046587
0 0.583648 0.429656 0.025157 0.044069
0 0.518396 0.540459 0.026730 0.046587
0 0.368632 0.709685 0.030660 0.046587
0 0.398506 0.662467 0.027516 0.057920
0 0.477909 0.649247 0.027516 0.049106
0 0.560063 0.625323 0.029874 0.041551
0 0.603302 0.617769 0.028302 0.051624
0 0.649292 0.624694 0.027516 0.045328
0 0.636321 0.485561 0.025157 0.046587
0 0.296698 0.758916 0.033019 0.047847
0 0.256997 0.743807 0.029088 0.055401
0 0.224371 0.733734 0.029874 0.052883
0 0.178380 0.728697 0.029088 0.057920
0 0.219654 0.918824 0.034591 0.042810
0 0.285692 0.950932 0.026730 0.051624
0 0.409906 0.876014 0.036164 0.050365
0 0.385928 0.974226 0.032233 0.045328
0 0.473585 0.833834 0.033019 0.056660
0 0.540802 0.938341 0.033805 0.054142
0 0.614701 0.963523 0.035377 0.044069
0 0.587579 0.781580 0.022013 0.045328
0 0.741274 0.318853 0.019654 0.046587
0 0.709434 0.175943 0.031447 0.047847
0 0.827358 0.153279 0.023585 0.045328
0 0.453145 0.306514 0.029874 0.051624
0 0.743632 0.824390 0.032233 0.040292
0 0.738129 0.911899 0.029088 0.041551
0 0.790409 0.741918 0.029874 0.044069
0 0.815566 0.548013 0.020440 0.039033
0 0.928380 0.269118 0.030660 0.045328
0 0.960613 0.463652 0.024371 0.046587
0 0.839544 0.768360 0.027516 0.046587
0 0.960220 0.928268 0.031447 0.041551
0 0.869811 0.944007 0.031447 0.042810
0 0.810456 0.662593 0.029088 0.044069
0 0.124646 0.794634 0.036557 0.071770
0 0.632311 0.240306 0.023585 0.043440
0 0.750825 0.546273 0.029481 0.047217