0 0.141828 0.083602 0.026744 0.040290
0 0.219386 0.208501 0.030565 0.048348
0 0.256064 0.218070 0.029037 0.045326
0 0.163606 0.241237 0.029037 0.047341
0 0.049751 0.254835 0.027508 0.044319
0 0.277460 0.061442 0.021395 0.042305
0 0.387111 0.079573 0.025216 0.042305
0 0.318722 0.070508 0.022924 0.040290
0 0.321397 0.349013 0.028273 0.045326
0 0.376796 0.293110 0.022924 0.040290
0 0.234287 0.426672 0.023688 0.042305
0 0.193024 0.444803 0.028273 0.042305
0 0.154054 0.493151 0.028273 0.046334
0 0.369154 0.491942 0.027508 0.046334
0 0.453972 0.458199 0.027508 0.043312
0 0.410417 0.511080 0.025980 0.038276
0 0.265234 0.580077 0.027508 0.037268
0 0.221679 0.720185 0.024452 0.040290
0 0.120051 0.838034 0.027508 0.042305
0 0.185001 0.826450 0.032093 0.041297
0 0.239636 0.920629 0.026744 0.046334
0 0.276696 0.861201 0.033621 0.044319
0 0.293506 0.794218 0.022924 0.037268
0 0.339736 0.769541 0.026744 0.036261
0 0.298855 0.683421 0.029037 0.039283
0 0.432577 0.806305 0.022924 0.039283
0 0.606797 0.924658 0.025980 0.034247
0 0.550251 0.970488 0.032093 0.041297
0 0.426464 0.741338 0.025980 0.034247
0 0.374121 0.690975 0.026744 0.040290
0 0.513192 0.727740 0.025216 0.037268
0 0.119669 0.936241 0.032857 0.043312
0 0.397809 0.829472 0.022160 0.033239
0 0.533059 0.626309 0.022160 0.044319
0 0.555218 0.550766 0.022160 0.038276
0 0.585401 0.645447 0.022924 0.034247
0 0.432959 0.315270 0.026744 0.040290
0 0.465434 0.297643 0.022924 0.035254
0 0.498291 0.235193 0.029037 0.037268
0 0.506314 0.128425 0.028273 0.039283
0 0.488358 0.067990 0.024452 0.041297
0 0.536497 0.261886 0.024452 0.042305
0 0.572029 0.113820 0.028273 0.044319
0 0.579288 0.359287 0.025980 0.043312
0 0.606797 0.360798 0.029037 0.040290
0 0.469255 0.617446 0.030565 0.052377
0 0.096592 0.587732 0.026744 0.039283
0 0.616577 0.722200 0.022924 0.040290
0 0.674269 0.672341 0.023688 0.037268
0 0.626893 0.548952 0.025216 0.038276
0 0.602823 0.532836 0.025980 0.040290
0 0.587541 0.754432 0.029037 0.034247
0 0.823272 0.860193 0.028273 0.042305
0 0.789269 0.850121 0.024452 0.034247
0 0.902359 0.985999 0.025980 0.028002
0 0.871030 0.664182 0.024452 0.036261
0 0.647524 0.554895 0.023688 0.039283
0 0.761378 0.524174 0.025216 0.038276
0 0.773222 0.390210 0.025980 0.042305
0 0.754119 0.244158 0.025980 0.044319
0 0.829003 0.399778 0.024452 0.039283
0 0.915349 0.332393 0.027508 0.044319
0 0.819070 0.230157 0.024452 0.037268
0 0.701013 0.206487 0.028273 0.042305
0 0.670830 0.059428 0.024452 0.040290
0 0.631096 0.145548 0.029037 0.043312
0 0.901213 0.164686 0.022160 0.041297
0 0.971894 0.122885 0.024452 0.038276
0 0.333699 0.515109 0.024452 0.046334
0 0.791238 0.143836 0.025980 0.037671