0 0.165227 0.127202 0.029692 0.042401
0 0.285231 0.328604 0.027217 0.045662
0 0.307190 0.271526 0.027836 0.042401
0 0.340593 0.147179 0.024124 0.043216
0 0.310283 0.112117 0.026599 0.039954
0 0.134608 0.347358 0.020413 0.034247
0 0.241621 0.391797 0.030310 0.048108
0 0.446370 0.140248 0.025362 0.040770
0 0.440802 0.406148 0.025362 0.038324
0 0.440184 0.356409 0.025362 0.046477
0 0.282447 0.557322 0.026599 0.048108
0 0.335026 0.558138 0.026599 0.041585
0 0.233889 0.512883 0.027217 0.042401
0 0.137700 0.773891 0.024124 0.036693
0 0.142031 0.924331 0.024124 0.032616
0 0.217497 0.939008 0.025362 0.035877
0 0.264199 0.859915 0.022269 0.035877
0 0.240693 0.888046 0.023506 0.033431
0 0.244405 0.822815 0.021032 0.035062
0 0.286159 0.835453 0.025362 0.040770
0 0.335645 0.892531 0.024124 0.037508
0 0.399667 0.869292 0.025980 0.036693
0 0.424719 0.827707 0.024124 0.031800
0 0.471113 0.797537 0.020413 0.038324
0 0.272859 0.700098 0.027217 0.035877
0 0.389151 0.685013 0.024743 0.038324
0 0.445442 0.544847 0.027217 0.040770
0 0.489361 0.507746 0.023506 0.043216
0 0.369975 0.039139 0.027217 0.040770
0 0.525238 0.158594 0.027217 0.044847
0 0.559878 0.116194 0.023506 0.039954
0 0.531424 0.425636 0.022269 0.039139
0 0.520599 0.482714 0.022887 0.040770
0 0.547197 0.456621 0.024124 0.037508
0 0.565445 0.596543 0.023506 0.039139
0 0.507918 0.811807 0.027217 0.039139
0 0.601632 0.934524 0.026599 0.035062
0 0.639674 0.915770 0.024743 0.035062
0 0.632870 0.793868 0.024743 0.035877
0 0.599776 0.778376 0.022887 0.035877
0 0.559260 0.792237 0.024743 0.040770
0 0.754420 0.933301 0.024124 0.034247
0 0.695346 0.800799 0.025980 0.035062
0 0.738337 0.822815 0.020413 0.038324
0 0.710192 0.701321 0.024743 0.038324
0 0.634107 0.697815 0.025980 0.040770
0 0.668747 0.500978 0.027217 0.035877
0 0.608746 0.474070 0.022269 0.039139
0 0.526475 0.340835 0.024743 0.039139
0 0.604416 0.330235 0.027217 0.039139
0 0.687305 0.438682 0.024743 0.039139
0 0.761843 0.423598 0.022887 0.038324
0 0.742976 0.444798 0.025980 0.036693
0 0.732770 0.306262 0.027836 0.040770
0 0.651737 0.246738 0.022887 0.035877
0 0.574415 0.448141 0.024124 0.037508
0 0.697202 0.176941 0.019794 0.030985
0 0.660087 0.102740 0.024743 0.034247
0 0.601632 0.015085 0.027836 0.030170
0 0.919364 0.039384 0.025415 0.042436
0 0.797370 0.257519 0.028804 0.042436
0 0.837470 0.441334 0.022027 0.038714
0 0.924729 0.273824 0.025980 0.035736
0 0.913716 0.470965 0.026545 0.034247
0 0.933201 0.587850 0.024851 0.041691
0 0.775626 0.819089 0.023721 0.034247
0 0.781556 0.729750 0.024286 0.037225
0 0.799347 0.620310 0.025980 0.037225
0 0.953534 0.768836 0.021462 0.034991
0 0.949862 0.911778 0.019768 0.027546
0 0.800759 0.984366 0.024286 0.031268
0 0.588522 0.973031 0.024681 0.031678
0 0.334565 0.716610 0.028578 0.037671
0 0.408284 0.954195 0.026630 0.033390