0 0.108213 0.281678 0.026630 0.039384
0 0.143286 0.171233 0.022733 0.037671
0 0.159199 0.211473 0.023382 0.041096
0 0.244609 0.304795 0.029228 0.042808
0 0.198170 0.047089 0.028578 0.047945
0 0.299492 0.224315 0.028578 0.042808
0 0.310534 0.293236 0.024681 0.040240
0 0.336839 0.356592 0.027929 0.040240
0 0.366391 0.230308 0.028578 0.053082
0 0.422248 0.198630 0.025980 0.041096
0 0.453749 0.235445 0.027929 0.034247
0 0.220253 0.282534 0.025980 0.039384
0 0.335864 0.016695 0.024681 0.033390
0 0.118281 0.519606 0.025980 0.038527
0 0.272213 0.513185 0.025980 0.039384
0 0.231944 0.687671 0.023382 0.035959
0 0.164395 0.725771 0.032475 0.040240
0 0.232269 0.502825 0.027929 0.045377
0 0.276435 0.858305 0.026630 0.031678
0 0.204989 0.963185 0.025331 0.037671
0 0.112110 0.851027 0.029228 0.039384
0 0.108538 0.612329 0.032475 0.041096
0 0.395944 0.412500 0.027929 0.034247
0 0.306637 0.481421 0.024681 0.036815
0 0.367041 0.558476 0.029877 0.040240
0 0.359571 0.679623 0.027929 0.039384
0 0.316704 0.680051 0.022733 0.033390
0 0.285853 0.773545 0.019485 0.028253
0 0.379056 0.936216 0.021434 0.024829
0 0.428744 0.917808 0.022083 0.027397
0 0.448878 0.355308 0.025980 0.034247
0 0.419326 0.372860 0.024032 0.031678
0 0.507333 0.365582 0.028578 0.034247
0 0.494343 0.251712 0.028578 0.035959
0 0.496941 0.131421 0.023382 0.036815
0 0.464791 0.020120 0.022733 0.040240
0 0.501813 0.461644 0.024032 0.039384
0 0.487524 0.685873 0.022733 0.036815
0 0.529092 0.679452 0.024032 0.037671
0 0.520648 0.722260 0.024032 0.037671
0 0.457322 0.943921 0.029877 0.036815
0 0.554358 0.790668 0.024681 0.040240
0 0.634896 0.732449 0.023382 0.035103
0 0.589106 0.783390 0.024032 0.042808
0 0.541043 0.937928 0.024032 0.035103
0 0.603395 0.925514 0.025331 0.037671
0 0.626128 0.949914 0.014939 0.029966
0 0.685557 0.892551 0.020784 0.031678
0 0.720955 0.917380 0.021434 0.035103
0 0.674191 0.816353 0.024032 0.036815
0 0.690429 0.781678 0.020135 0.037671
0 0.725502 0.792380 0.022733 0.035103
0 0.793700 0.937928 0.029228 0.035103
0 0.822278 0.853596 0.026630 0.035959
0 0.845985 0.815925 0.020784 0.030822
0 0.890151 0.846318 0.022083 0.029966
0 0.901517 0.770976 0.022733 0.033390
0 0.613462 0.672089 0.020784 0.030822
0 0.613138 0.595890 0.024032 0.035959
0 0.544615 0.581764 0.023382 0.033390
0 0.554682 0.532962 0.021434 0.028253
0 0.587807 0.517123 0.021434 0.027397
0 0.655680 0.619863 0.020784 0.035959
0 0.758627 0.724315 0.024032 0.035959
0 0.800520 0.688356 0.024681 0.035959
0 0.827799 0.642979 0.020784 0.027397
0 0.867419 0.646404 0.025980 0.034247
0 0.955816 0.805223 0.024032 0.038527
0 0.928862 0.955908 0.016887 0.031678
0 0.961337 0.931507 0.023382 0.032534
0 0.870731 0.958904 0.025331 0.032534
0 0.934382 0.755394 0.021434 0.028253
0 0.931460 0.596318 0.022083 0.033390
0 0.984069 0.684075 0.022083 0.035959
0 0.793115 0.507449 0.023382 0.035103
0 0.694391 0.496747 0.018186 0.029110
0 0.629440 0.407705 0.028578 0.044521
0 0.754145 0.439812 0.022083 0.035103
0 0.575207 0.318493 0.022733 0.039384
0 0.551825 0.410531 0.018836 0.028253
0 0.695365 0.134846 0.022733 0.038527
0 0.741480 0.207192 0.024032 0.035959
0 0.765187 0.248288 0.022083 0.035959
0 0.680102 0.348887 0.025980 0.040240
0 0.704133 0.347175 0.027279 0.033390
0 0.641456 0.079195 0.027929 0.043664
0 0.819420 0.108733 0.024032 0.047945
0 0.979198 0.114298 0.024032 0.045377
0 0.881123 0.197346 0.026630 0.036815
0 0.929836 0.255993 0.025331 0.041096
0 0.946398 0.319349 0.025980 0.037671
0 0.845400 0.350599 0.022733 0.043664
0 0.840854 0.452055 0.025331 0.030822
0 0.888592 0.460616 0.024681 0.039384
0 0.978224 0.485445 0.029877 0.047945
0 0.627816 0.501370 0.027929 0.041096
0 0.773630 0.097603 0.027279 0.049658
0 0.031318 0.388699 0.038970 0.054795
0 0.174456 0.903002 0.030565 0.035254
0 0.474756 0.463537 0.030565 0.044319