0 0.416126 0.174390 0.029481 0.056660
0 0.392173 0.179112 0.028744 0.054300
0 0.349425 0.138387 0.027270 0.048397
0 0.322892 0.128354 0.024322 0.049578
0 0.283093 0.149011 0.025796 0.041315
0 0.328420 0.378014 0.033903 0.048397
0 0.452609 0.446478 0.027270 0.050758
0 0.370062 0.541503 0.027270 0.049578
0 0.306309 0.602295 0.033903 0.060202
0 0.527417 0.155503 0.030955 0.042495
0 0.462927 0.064020 0.025796 0.043676
0 0.526533 0.760590 0.030955 0.051939
0 0.430351 0.751146 0.031692 0.051939
0 0.269679 0.816306 0.030218 0.063743
0 0.276312 0.947333 0.028744 0.056660
0 0.337854 0.922544 0.028007 0.047217
0 0.382812 0.889492 0.032429 0.051939
0 0.454673 0.939660 0.034640 0.057841
0 0.582916 0.776171 0.027270 0.049578
0 0.591023 0.701804 0.028744 0.047217
0 0.658830 0.727184 0.028744 0.046037
0 0.695312 0.972122 0.033903 0.049578
0 0.658830 0.974847 0.031692 0.050306
0 0.787073 0.936119 0.033166 0.055480
0 0.722214 0.772040 0.025796 0.043676
0 0.769752 0.856440 0.023585 0.040134
0 0.738429 0.678196 0.024322 0.042495
0 0.657724 0.607961 0.030955 0.055480
0 0.710422 0.579630 0.027270 0.041315
0 0.713001 0.540086 0.023585 0.040134
0 0.686100 0.493459 0.028744 0.048397
0 0.642615 0.493459 0.025796 0.050758
0 0.600604 0.469851 0.025796 0.036593
0 0.561910 0.408114 0.026533 0.040134
0 0.509581 0.350274 0.032429 0.044856
0 0.563016 0.300696 0.027270 0.044856
0 0.704157 0.292197 0.026533 0.040134
0 0.690890 0.328200 0.026533 0.046037
0 0.694944 0.415551 0.027270 0.041315
0 0.771963 0.577860 0.028007 0.044856
0 0.811763 0.439750 0.028007 0.044856
0 0.676518 0.138151 0.030218 0.046037
0 0.726268 0.135790 0.030955 0.043676
0 0.757960 0.282163 0.028007 0.050758
0 0.403818 0.550710 0.028744 0.051939
0 0.850457 0.842275 0.033166 0.049578
0 0.951430 0.928446 0.028744 0.044856
0 0.972067 0.976253 0.027270 0.038954
0 0.969487 0.919593 0.025059 0.036593
0 0.940006 0.785024 0.026533 0.036593
0 0.969119 0.793878 0.022848 0.042495
0 0.864092 0.544808 0.029481 0.044856
0 0.922317 0.556612 0.026533 0.042495
0 0.851194 0.320763 0.033166 0.047217
0 0.901680 0.339060 0.025059 0.041315
0 0.970224 0.198589 0.025059 0.038954
0 0.819870 0.153733 0.026533 0.041315
0 0.868514 0.099433 0.030955 0.048397
0 0.967644 0.539732 0.030218 0.043676
0 0.901312 0.638061 0.027270 0.049578
0 0.073349 0.935341 0.037736 0.066104