0 0.596698 0.135802 0.031909 0.045551
0 0.475305 0.133024 0.026360 0.044440
0 0.425014 0.276897 0.029828 0.049995
0 0.548488 0.329669 0.027053 0.044440
0 0.596698 0.219126 0.030522 0.049995
0 0.660516 0.345779 0.030522 0.041107
0 0.725375 0.340224 0.022891 0.047773
0 0.805841 0.387996 0.028441 0.045551
0 0.888041 0.494096 0.024972 0.046662
0 0.817980 0.460766 0.026360 0.046662
0 0.797170 0.544646 0.023585 0.043329
0 0.723987 0.557978 0.024279 0.045551
0 0.742716 0.590752 0.022891 0.037774
0 0.812084 0.624637 0.024279 0.034441
0 0.925499 0.701295 0.022198 0.038885
0 0.959836 0.662410 0.025666 0.049995
0 0.922378 0.474098 0.021504 0.039996
0 0.627913 0.535869 0.023585 0.042218
0 0.919950 0.644190 0.022198 0.038885
0 0.637278 0.589196 0.028441 0.037774
0 0.554037 0.561422 0.028441 0.039996
0 0.580050 0.650301 0.023585 0.035552
0 0.738208 0.893052 0.024972 0.047773
0 0.875208 0.899162 0.027053 0.035552
0 0.867231 0.948046 0.024972 0.028886
0 0.766648 0.810283 0.029134 0.035552
0 0.674736 0.870832 0.029828 0.038885
0 0.623405 0.880275 0.028441 0.042218
0 0.539817 0.842502 0.027747 0.037774
0 0.559587 0.926381 0.032603 0.038885
0 0.500971 0.679742 0.024972 0.047773
0 0.456923 0.627525 0.024279 0.043329
0 0.702137 0.680297 0.030522 0.037774
0 0.622017 0.326336 0.028441 0.046662
0 0.851623 0.370220 0.024279 0.054438
0 0.500624 0.498095 0.022891 0.042218
0 0.986681 0.883053 0.026637 0.052216
0 0.857866 0.705850 0.024279 0.037774
0 0.335530 0.894163 0.028441 0.052216
0 0.407325 0.931381 0.034684 0.051105
0 0.294603 0.913050 0.029828 0.061104
0 0.137486 0.865277 0.030522 0.049995
0 0.229398 0.788063 0.033990 0.053327
0 0.379578 0.767510 0.036071 0.056660
0 0.378538 0.621970 0.029828 0.056660
0 0.422933 0.604195 0.029828 0.056660
0 0.338998 0.540313 0.032603 0.051105
0 0.268937 0.628081 0.029828 0.053327
0 0.252983 0.657522 0.032603 0.049995
0 0.224195 0.707517 0.029134 0.063326
0 0.302580 0.195017 0.023585 0.048884
0 0.458657 0.492762 0.024972 0.039996
0 0.350791 0.069698 0.027053 0.055549
0 0.611144 0.679958 0.026533 0.044384
0 0.394036 0.445506 0.026954 0.041821
0 0.672844 0.695756 0.028639 0.051264