0 0.405350 0.237313 0.024206 0.047714
0 0.452210 0.186120 0.023585 0.046720
0 0.492242 0.510675 0.030412 0.049702
0 0.437934 0.525088 0.028550 0.042744
0 0.403798 0.531052 0.032274 0.046720
0 0.406281 0.574293 0.027309 0.041750
0 0.378352 0.577275 0.029791 0.047714
0 0.460278 0.605109 0.023585 0.041750
0 0.494414 0.614552 0.026068 0.044732
0 0.468036 0.511172 0.024206 0.040756
0 0.295804 0.465446 0.026068 0.044732
0 0.595271 0.399342 0.025447 0.049702
0 0.565479 0.462960 0.026688 0.047714
0 0.560204 0.644373 0.022344 0.038768
0 0.583478 0.615546 0.024206 0.044732
0 0.623200 0.733837 0.026688 0.036780
0 0.485725 0.805905 0.028550 0.047714
0 0.428935 0.749245 0.031653 0.051690
0 0.408453 0.804911 0.031653 0.051690
0 0.357249 0.685626 0.028550 0.051690
0 0.305735 0.670218 0.029791 0.044732
0 0.205623 0.594373 0.027929 0.047714
0 0.381269 0.860975 0.030412 0.043738
0 0.312376 0.964853 0.032895 0.042744
0 0.464747 0.896264 0.028550 0.044732
0 0.483056 0.969823 0.027929 0.040756
0 0.402061 0.858490 0.023585 0.034791
0 0.505834 0.782048 0.029791 0.045726
0 0.583416 0.859584 0.028550 0.041750
0 0.539039 0.943083 0.022964 0.037774
0 0.616000 0.970419 0.031653 0.046720
0 0.678376 0.924196 0.027309 0.049702
0 0.618793 0.886423 0.024826 0.039762
0 0.760613 0.944574 0.030412 0.042744
0 0.798784 0.959982 0.028550 0.043738
0 0.725857 0.808390 0.027929 0.042744
0 0.761234 0.844176 0.029171 0.044732
0 0.649206 0.519422 0.024826 0.041750
0 0.644551 0.657594 0.029171 0.039762
0 0.719029 0.703320 0.024206 0.043738
0 0.755648 0.742585 0.030412 0.044732
0 0.767130 0.694871 0.021102 0.042744
0 0.786370 0.649145 0.022344 0.040756
0 0.644551 0.606401 0.029171 0.044732
0 0.688928 0.477175 0.026068 0.040756
0 0.736408 0.563160 0.025447 0.047714
0 0.754717 0.508488 0.026068 0.041750
0 0.783267 0.565148 0.023585 0.047714
0 0.634000 0.345962 0.022964 0.040756
0 0.585899 0.219221 0.026068 0.043738
0 0.703823 0.342483 0.024826 0.039762
0 0.674032 0.141885 0.022344 0.041750
0 0.632448 0.051924 0.022344 0.038768
0 0.657274 0.054906 0.023585 0.042744
0 0.617552 0.117531 0.024826 0.042744
0 0.729891 0.147352 0.026068 0.040756
0 0.715616 0.035522 0.022344 0.039762
0 0.733615 0.219420 0.021102 0.043738
0 0.828575 0.328765 0.024826 0.039762
0 0.838505 0.263158 0.024826 0.043738
0 0.784508 0.127471 0.021102 0.038768
0 0.825472 0.097650 0.023585 0.036780
0 0.777681 0.406300 0.022344 0.039762
0 0.849057 0.488309 0.026068 0.042744
0 0.873883 0.403318 0.023585 0.041750
0 0.863332 0.758788 0.029791 0.045726
0 0.843160 0.816442 0.025447 0.045726
0 0.827954 0.887019 0.021102 0.039762
0 0.841609 0.864653 0.021102 0.046720
0 0.837016 0.534532 0.023585 0.035786
0 0.916149 0.774096 0.025447 0.043738
0 0.939734 0.930161 0.031653 0.037774
0 0.953078 0.542683 0.028550 0.039762
0 0.926080 0.343675 0.024206 0.041750
0 0.957423 0.323794 0.027309 0.037774
0 0.804121 0.319321 0.026068 0.034791
0 0.842602 0.225384 0.026068 0.043738
0 0.620717 0.491589 0.015516 0.033797