0 0.307615 0.127803 0.030323 0.056660
0 0.399006 0.217515 0.034535 0.060708
0 0.458389 0.232355 0.025270 0.047217
0 0.442807 0.142643 0.031166 0.059359
0 0.377527 0.062374 0.030323 0.049915
0 0.535883 0.315997 0.030323 0.055311
0 0.387635 0.387497 0.030323 0.066104
0 0.279818 0.396940 0.035377 0.055311
0 0.477342 0.491239 0.031166 0.051264
0 0.486186 0.429857 0.032008 0.047217
0 0.509771 0.578253 0.028639 0.041821
0 0.468918 0.584999 0.029481 0.049915
0 0.543042 0.509451 0.029481 0.052613
0 0.593160 0.486518 0.030323 0.047217
0 0.594845 0.529013 0.026954 0.048566
0 0.537567 0.736768 0.026954 0.053962
0 0.620957 0.827155 0.030323 0.045868
0 0.565364 0.589720 0.028639 0.045868
0 0.662230 0.583650 0.026954 0.044519
0 0.667284 0.476400 0.023585 0.051264
0 0.436910 0.723277 0.027796 0.053962
0 0.388056 0.754306 0.029481 0.048566
0 0.262972 0.771843 0.030323 0.059359
0 0.249916 0.675386 0.027796 0.039123
0 0.539252 0.142643 0.030323 0.062057
0 0.615482 0.222912 0.027796 0.041821
0 0.642015 0.279572 0.026954 0.052613
0 0.698029 0.324091 0.031166 0.044519
0 0.756739 0.633970 0.028639 0.043170
0 0.851920 0.637342 0.026954 0.058009
0 0.859080 0.491374 0.021058 0.044519
0 0.810647 0.467766 0.021900 0.045868
0 0.683878 0.100147 0.022743 0.049915
0 0.718834 0.266756 0.028639 0.045868
0 0.585748 0.181765 0.030323 0.053962
0 0.344845 0.899734 0.026954 0.056660
0 0.509097 0.851842 0.038747 0.052613
0 0.507412 0.955045 0.033693 0.053962
0 0.657345 0.849819 0.021900 0.051264
0 0.771058 0.979546 0.030323 0.040907
0 0.736944 0.977979 0.031166 0.040472
1 0.772321 0.720309 0.076651 0.172679
0 0.436658 0.902432 0.032008 0.056660
0 0.308204 0.946276 0.029481 0.055311
0 0.430340 0.951673 0.041274 0.052613
0 0.957800 0.408407 0.021058 0.045868
0 0.895047 0.398289 0.025270 0.052613
0 0.908945 0.233704 0.019373 0.041821
0 0.719003 0.226284 0.025270 0.043170
0 0.791442 0.357817 0.028639 0.047217
0 0.865566 0.133199 0.021900 0.045868
0 0.869778 0.876125 0.026954 0.052613
0 0.797759 0.780342 0.027796 0.047217
0 0.970013 0.746481 0.025270 0.053962
0 0.363429 0.785733 0.030218 0.048397
0 0.750000 0.751500 0.025059 0.043676