0 0.114702 0.110294 0.032093 0.041297
0 0.031030 0.084106 0.026744 0.049355
0 0.041728 0.235798 0.025216 0.047341
0 0.078406 0.389907 0.026744 0.049355
0 0.047841 0.518231 0.028273 0.047341
0 0.022243 0.536865 0.025980 0.046334
0 0.083373 0.736301 0.030565 0.040290
0 0.026446 0.811342 0.026744 0.045326
0 0.129220 0.955379 0.025980 0.041297
0 0.183091 0.934226 0.025216 0.039283
0 0.219769 0.947824 0.022160 0.038276
0 0.279370 0.855661 0.022160 0.041297
0 0.165898 0.790189 0.027508 0.039283
0 0.234669 0.666801 0.024452 0.040290
0 0.301148 0.968977 0.029037 0.048348
0 0.325599 0.773570 0.022924 0.040290
0 0.359221 0.797240 0.024452 0.035254
0 0.429520 0.980963 0.030565 0.038074
0 0.505168 0.951853 0.021395 0.036261
0 0.414238 0.796233 0.024452 0.039283
0 0.389404 0.794722 0.025216 0.042305
0 0.459321 0.802780 0.024452 0.038276
0 0.296563 0.645548 0.025980 0.041297
0 0.357311 0.670729 0.028273 0.041297
0 0.384055 0.612309 0.025216 0.041297
0 0.369537 0.469279 0.023688 0.041297
0 0.264470 0.461724 0.029037 0.046334
0 0.289686 0.431507 0.029037 0.042305
0 0.228938 0.433018 0.025216 0.043312
0 0.039436 0.310234 0.031329 0.050363
0 0.199901 0.269944 0.026744 0.044319
0 0.221679 0.281527 0.029037 0.039283
0 0.259503 0.259871 0.025216 0.050363
0 0.291978 0.134972 0.030565 0.048348
0 0.358839 0.207494 0.032857 0.046334
0 0.308789 0.215552 0.022924 0.042305
0 0.153672 0.153102 0.027508 0.046334
0 0.531530 0.952861 0.023688 0.034247
0 0.615584 0.790693 0.022160 0.036261
0 0.307643 0.861201 0.023688 0.032232
0 0.422261 0.527599 0.020631 0.036261
0 0.471165 0.489323 0.022160 0.036261
0 0.514720 0.400685 0.026744 0.044319
0 0.582727 0.512994 0.023688 0.041297
0 0.400866 0.400685 0.023688 0.036261
0 0.424171 0.593574 0.022924 0.037268
0 0.473075 0.282031 0.024452 0.040290
0 0.406979 0.145548 0.026744 0.041297
0 0.424553 0.267929 0.029801 0.050363
0 0.474603 0.137994 0.021395 0.036261
0 0.538026 0.211019 0.022924 0.043312
0 0.591132 0.223610 0.022160 0.046334
0 0.555982 0.324335 0.023688 0.042305
0 0.544903 0.859186 0.027508 0.034247
0 0.602212 0.908541 0.024452 0.042305
0 0.560918 0.051370 0.022733 0.044521
0 0.633662 0.223031 0.024032 0.040240
0 0.606708 0.294949 0.028578 0.041952
0 0.672632 0.252568 0.021434 0.034247
0 0.692767 0.458647 0.026630 0.045377
0 0.632363 0.633818 0.026630 0.043664
0 0.579104 0.617979 0.030527 0.044521
0 0.644054 0.808219 0.018836 0.037671
0 0.651523 0.960188 0.020784 0.035103
0 0.696014 0.978168 0.022733 0.028253
0 0.754470 0.931507 0.022733 0.035959
0 0.745701 0.862586 0.019485 0.035103
0 0.700236 0.831336 0.019485 0.032534
0 0.753171 0.785959 0.022733 0.035959
0 0.780125 0.769264 0.024681 0.031678
0 0.807729 0.785959 0.021434 0.034247
0 0.718747 0.714041 0.025331 0.039384
0 0.690169 0.633818 0.020135 0.033390
0 0.774604 0.594863 0.024032 0.035959
0 0.777852 0.661644 0.022733 0.035959
0 0.761614 0.443236 0.021434 0.040240
0 0.784996 0.454366 0.021434 0.035103
0 0.813899 0.401284 0.023382 0.045377
0 0.823317 0.533219 0.025331 0.037671
0 0.807729 0.264983 0.022733 0.041952
0 0.920418 0.291524 0.024681 0.038527
0 0.966858 0.282962 0.018836 0.038527
0 0.961337 0.148116 0.022083 0.039384
0 0.641131 0.134846 0.025980 0.045377
0 0.886319 0.609589 0.022733 0.039384
0 0.915222 0.603168 0.028578 0.043664
0 0.956141 0.596747 0.022083 0.037671
0 0.958414 0.735873 0.024032 0.045377
0 0.987163 0.684075 0.025673 0.041096
0 0.922042 0.822774 0.020135 0.037671
0 0.908727 0.918664 0.023382 0.035959
0 0.867159 0.969606 0.020784 0.040240
0 0.827864 0.955908 0.025331 0.031678
0 0.869757 0.768836 0.020784 0.032534
0 0.891515 0.985017 0.024032 0.029966
0 0.878525 0.904110 0.020135 0.032534
0 0.784022 0.872432 0.022083 0.037671
0 0.656395 0.648116 0.024032 0.037671