1 0.262927 0.442352 0.158479 0.051370
0 0.326578 0.442922 0.029444 0.036530
0 0.471634 0.155822 0.025114 0.037671
0 0.391529 0.083333 0.024248 0.041096
0 0.360786 0.180936 0.025114 0.044521
0 0.309258 0.094178 0.024248 0.035388
0 0.280247 0.238014 0.026846 0.046804
0 0.163769 0.150685 0.027712 0.038813
0 0.353425 0.385731 0.025980 0.044521
0 0.225689 0.365183 0.030310 0.044521
0 0.146016 0.348630 0.028578 0.038813
0 0.237813 0.593607 0.028578 0.041096
0 0.209668 0.656963 0.024248 0.037671
0 0.343899 0.692352 0.025980 0.033105
0 0.392395 0.714041 0.024248 0.037671
0 0.381137 0.617580 0.031176 0.041096
0 0.272886 0.748288 0.020784 0.035388
0 0.365549 0.838470 0.025980 0.037671
0 0.435695 0.872717 0.029444 0.037671
0 0.401921 0.842466 0.024248 0.043379
0 0.363384 0.960046 0.032042 0.043379
0 0.267690 0.941210 0.022516 0.035388
0 0.210967 0.898973 0.026846 0.037671
0 0.394127 0.550457 0.027712 0.043379
0 0.426169 0.505936 0.025980 0.043379
0 0.430066 0.340411 0.028578 0.041096
0 0.462541 0.297603 0.024248 0.044521
0 0.023044 0.117580 0.028578 0.043379
0 0.033003 0.574201 0.032908 0.054795
0 0.166368 0.367580 0.025980 0.047945
0 0.039498 0.382420 0.030310 0.045662
0 0.091458 0.845320 0.033774 0.039954
0 0.252102 0.974315 0.022516 0.030822
0 0.320083 0.285388 0.023382 0.043379
0 0.307959 0.381849 0.028578 0.039954
0 0.530090 0.898402 0.027712 0.045662
0 0.630113 0.981735 0.025114 0.036530
0 0.574256 0.759132 0.027712 0.041096
0 0.478562 0.523973 0.025114 0.041096
0 0.502811 0.567922 0.021650 0.033105
0 0.526193 0.538242 0.025114 0.039954
0 0.415777 0.595890 0.027712 0.036530
0 0.295402 0.668037 0.027712 0.041096
0 0.477263 0.195776 0.027712 0.042237
0 0.443056 0.041096 0.028578 0.047945
0 0.531389 0.285388 0.025114 0.043379
0 0.569060 0.313356 0.024248 0.044521
0 0.601968 0.135845 0.027712 0.045662
0 0.594174 0.057078 0.025980 0.043379
0 0.575988 0.619635 0.027712 0.047945
0 0.630979 0.600799 0.023382 0.039954
0 0.664321 0.460046 0.027712 0.047945
0 0.660424 0.630137 0.026846 0.043379
0 0.631845 0.779110 0.023382 0.037671
0 0.681208 0.868151 0.025114 0.039954
0 0.784436 0.899543 0.028578 0.047945
0 0.752826 0.726027 0.024248 0.038813
0 0.708660 0.734589 0.025980 0.039954
0 0.684412 0.574772 0.032908 0.039954
0 0.783570 0.690068 0.025114 0.039954
0 0.829901 0.888128 0.029444 0.034247
0 0.861077 0.885274 0.024248 0.037671
0 0.877531 0.979452 0.025980 0.036530
0 0.959802 0.804795 0.024248 0.045662
0 0.908274 0.811644 0.030310 0.047945
0 0.918666 0.710274 0.030310 0.041096
0 0.873634 0.688584 0.028578 0.041096
0 0.681814 0.281963 0.032908 0.047945
0 0.756290 0.179795 0.025980 0.039954
0 0.736372 0.144406 0.027712 0.046804
0 0.708660 0.105023 0.031176 0.045662
0 0.630720 0.232306 0.038104 0.044521
0 0.791364 0.236872 0.030310 0.046804
0 0.905243 0.265982 0.029444 0.050228
0 0.702165 0.327626 0.023382 0.045662
0 0.835963 0.293950 0.032908 0.046804
0 0.472241 0.015411 0.029444 0.030822
0 0.577027 0.025685 0.027712 0.035388
0 0.252535 0.485160 0.028578 0.041096