0 0.410836 0.459511 0.028171 0.050365
0 0.442938 0.525090 0.029481 0.045118
0 0.492400 0.545551 0.027516 0.039872
0 0.379717 0.468954 0.023585 0.044069
0 0.394785 0.559191 0.032757 0.041971
0 0.463574 0.391308 0.027516 0.046168
0 0.576913 0.528763 0.020964 0.048266
0 0.547432 0.502216 0.024895 0.049316
0 0.512710 0.342937 0.023585 0.040921
0 0.606722 0.464128 0.025550 0.046168
0 0.616221 0.415337 0.022275 0.045118
0 0.506813 0.246824 0.024895 0.051414
0 0.600825 0.239480 0.025550 0.047217
0 0.575275 0.050087 0.028171 0.044069
0 0.519916 0.051136 0.030136 0.048266
0 0.416405 0.647330 0.030136 0.039872
0 0.379062 0.655724 0.035377 0.048266
0 0.478970 0.709237 0.024240 0.046168
0 0.473729 0.763274 0.034722 0.045118
0 0.504848 0.817311 0.023585 0.041971
0 0.593947 0.801047 0.028826 0.040921
0 0.539243 0.756978 0.033412 0.045118
0 0.555949 0.961061 0.030136 0.041971
0 0.416077 0.803146 0.028171 0.040921
0 0.394458 0.836722 0.029481 0.047217
0 0.377096 0.858232 0.030136 0.041971
0 0.379389 0.935878 0.028171 0.044069
0 0.290946 0.902302 0.029481 0.044069
0 0.313876 0.720778 0.029481 0.041971
0 0.279809 0.728123 0.028171 0.046168
0 0.294877 0.384803 0.028171 0.044069
0 0.221305 0.339160 0.030136 0.053513
0 0.132862 0.596230 0.028826 0.059808
0 0.164308 0.776180 0.030136 0.050365
0 0.142361 0.902302 0.030791 0.062956
0 0.634499 0.022945 0.024240 0.045890
0 0.750459 0.044316 0.028171 0.047217
0 0.688221 0.207477 0.028171 0.041971
0 0.709185 0.231610 0.025550 0.044069
0 0.706564 0.453635 0.025550 0.041971
0 0.707220 0.372317 0.021619 0.043020
0 0.757665 0.445241 0.025550 0.046168
0 0.800577 0.462554 0.022275 0.036724
0 0.842178 0.564857 0.022930 0.037774
0 0.831040 0.606303 0.024240 0.036724
0 0.709840 0.523411 0.026861 0.040921
0 0.740632 0.586892 0.022930 0.035675
0 0.714426 0.595811 0.022930 0.036724
0 0.705254 0.691819 0.026861 0.039872
0 0.645309 0.691294 0.020964 0.038823
0 0.624017 0.753201 0.029481 0.043020
0 0.568003 0.584793 0.020964 0.039872
0 0.721305 0.805769 0.023585 0.039872
0 0.824161 0.868725 0.027516 0.039872
0 0.799266 0.735993 0.024895 0.038823
0 0.821541 0.724451 0.031447 0.040921
0 0.764216 0.742288 0.024240 0.040921
0 0.777319 0.639460 0.026861 0.047217
0 0.822196 0.105173 0.022275 0.047217
0 0.805162 0.192262 0.022275 0.043020
0 0.904743 0.423626 0.020964 0.046168
0 0.853643 0.418380 0.024895 0.048266
0 0.757338 0.519634 0.023585 0.040921
0 0.967636 0.471787 0.023585 0.043020
0 0.793042 0.223216 0.022930 0.048266
0 0.811964 0.787640 0.025729 0.044642
0 0.761578 0.270828 0.027873 0.048076