0 0.125930 0.417380 0.025980 0.040668
0 0.155564 0.378318 0.031663 0.037457
0 0.351633 0.369221 0.029228 0.038527
0 0.293177 0.271832 0.029228 0.038527
0 0.326058 0.277183 0.028416 0.040668
0 0.354880 0.207085 0.029228 0.035317
0 0.285058 0.063677 0.027604 0.043878
0 0.327682 0.034247 0.030040 0.042808
0 0.447840 0.130565 0.026792 0.044949
0 0.420642 0.068493 0.024356 0.040668
0 0.393444 0.285745 0.026792 0.042808
0 0.385326 0.212971 0.026792 0.042808
0 0.344732 0.721318 0.023545 0.032106
0 0.350415 0.513164 0.026792 0.039598
0 0.058138 0.903896 0.031663 0.042808
0 0.062197 0.751391 0.028416 0.043878
0 0.166930 0.813998 0.028416 0.034247
0 0.101980 0.864298 0.030040 0.040668
0 0.207118 0.891053 0.034099 0.047089
0 0.358940 0.945098 0.035723 0.039598
0 0.376801 0.900685 0.024356 0.034247
0 0.417395 0.850385 0.022733 0.034247
0 0.237563 0.802226 0.030040 0.032106
0 0.490870 0.964897 0.021921 0.029966
0 0.477068 0.883027 0.023545 0.028896
0 0.470573 0.795805 0.023545 0.032106
0 0.570434 0.909782 0.025168 0.037457
0 0.615494 0.808112 0.024356 0.039598
0 0.652434 0.752461 0.020297 0.035317
0 0.648375 0.953125 0.025168 0.036387
0 0.542991 0.646689 0.020413 0.033431
0 0.562167 0.629158 0.021650 0.037508
0 0.507423 0.651174 0.027217 0.034247
0 0.624643 0.665444 0.024124 0.033431
0 0.595570 0.682975 0.029073 0.035877
0 0.732584 0.944716 0.030929 0.037508
0 0.733203 0.758806 0.023506 0.035877
0 0.775575 0.746575 0.025362 0.037508
0 0.788875 0.963878 0.022269 0.028539
0 0.846402 0.727414 0.023506 0.036693
0 0.978468 0.853392 0.024124 0.035877
0 0.982489 0.727821 0.024743 0.037508
0 0.680005 0.620271 0.025980 0.033431
0 0.944137 0.570124 0.028454 0.037508
0 0.904548 0.517531 0.024743 0.038324
0 0.814236 0.618640 0.025980 0.039954
0 0.757327 0.526500 0.023506 0.039954
0 0.626189 0.431181 0.022269 0.037508
0 0.607941 0.501060 0.025362 0.036693
0 0.845784 0.389677 0.023506 0.036693
0 0.910425 0.595401 0.022887 0.039139
0 0.843619 0.163894 0.025362 0.035877
0 0.798772 0.245026 0.023506 0.036693
0 0.727017 0.214041 0.028454 0.043216
0 0.696088 0.213226 0.025980 0.043216
0 0.643200 0.101517 0.022887 0.039954
0 0.667634 0.061970 0.022269 0.045662
0 0.615364 0.238503 0.025362 0.043216
0 0.574848 0.210780 0.028454 0.044847
0 0.504949 0.137802 0.027217 0.047293
0 0.538352 0.062378 0.029692 0.046477
0 0.543300 0.261742 0.024743 0.042401
0 0.465669 0.440965 0.025362 0.045662
0 0.424177 0.531963 0.025114 0.043379
0 0.367887 0.467466 0.032042 0.037671
0 0.779672 0.199201 0.027712 0.039954
0 0.194513 0.364269 0.030310 0.046804
0 0.438726 0.408219 0.025114 0.043379
0 0.355590 0.576826 0.032042 0.035388
0 0.372477 0.864726 0.025980 0.030822
0 0.070674 0.826484 0.030310 0.038813