0 0.700056 0.135246 0.023585 0.042218
0 0.746532 0.137468 0.024972 0.037774
0 0.763180 0.121914 0.029134 0.044440
0 0.786765 0.055255 0.022198 0.042218
0 0.607797 0.042479 0.024972 0.049995
0 0.688263 0.224681 0.024972 0.043329
0 0.853011 0.231347 0.021504 0.041107
0 0.905383 0.288007 0.023585 0.043329
0 0.840871 0.368554 0.024972 0.044440
0 0.789539 0.328558 0.029134 0.044440
0 0.804800 0.411327 0.024972 0.038885
0 0.860294 0.140246 0.030522 0.047773
0 0.742716 0.441879 0.028441 0.046662
0 0.590802 0.252456 0.031215 0.045551
0 0.790580 0.465765 0.024279 0.041107
0 0.842952 0.529092 0.023585 0.036663
0 0.897753 0.568088 0.024972 0.042218
0 0.925499 0.654189 0.027747 0.041107
0 0.830119 0.613638 0.025666 0.039996
0 0.811043 0.661411 0.026360 0.042218
0 0.894631 0.794729 0.029828 0.042218
0 0.961570 0.767510 0.023585 0.041107
0 0.947350 0.850279 0.025666 0.037774
0 0.852664 0.812505 0.026360 0.039996
0 0.804107 0.715294 0.026360 0.041107
0 0.761792 0.720293 0.029134 0.042218
0 0.752428 0.641413 0.028441 0.039996
0 0.680979 0.676409 0.027053 0.043329
0 0.660516 0.494207 0.030522 0.049995
0 0.632075 0.539202 0.026360 0.039996
0 0.558546 0.499206 0.022198 0.039996
0 0.767689 0.780286 0.022891 0.037774
0 0.837056 0.971932 0.027053 0.041107
0 0.749306 0.895829 0.024972 0.035552
0 0.717051 0.810283 0.028441 0.042218
0 0.638665 0.740846 0.025666 0.032219
0 0.568951 0.755845 0.024972 0.044440
0 0.533574 0.807506 0.029134 0.047773
0 0.473918 0.554533 0.027747 0.046662
0 0.495422 0.512871 0.027747 0.043329
0 0.546060 0.386885 0.023585 0.043329
0 0.435419 0.414104 0.024279 0.046662
0 0.046823 0.876942 0.025666 0.068881
0 0.315275 0.760289 0.033990 0.062215
0 0.355508 0.690296 0.024279 0.048884
0 0.378746 0.443879 0.029134 0.055549
0 0.327414 0.419437 0.030522 0.048884
0 0.191801 0.442768 0.028441 0.048884
0 0.238277 0.415549 0.027053 0.054438
0 0.259087 0.271898 0.035377 0.057771
0 0.390538 0.216904 0.031909 0.049995
0 0.504648 0.367998 0.027053 0.049995
0 0.447073 0.130247 0.024279 0.047773
0 0.411695 0.093584 0.028441 0.054438
0 0.256659 0.624748 0.030522 0.048884
0 0.383255 0.943046 0.021504 0.052216
0 0.563610 0.870832 0.036765 0.045551
0 0.850236 0.882497 0.029828 0.042218
0 0.437991 0.964069 0.026533 0.062956