0 0.332842 0.137797 0.023585 0.049578
0 0.298939 0.116549 0.028007 0.051939
0 0.251769 0.314861 0.028007 0.049578
0 0.318838 0.288891 0.026533 0.049578
0 0.223393 0.388047 0.031692 0.056660
0 0.402491 0.305417 0.031692 0.051939
0 0.444870 0.245216 0.029481 0.047217
0 0.410230 0.126583 0.029481 0.048397
0 0.462927 0.410593 0.028744 0.043676
0 0.419811 0.506208 0.030955 0.050758
0 0.429024 0.607724 0.031692 0.046037
0 0.266878 0.548703 0.033166 0.050758
0 0.307046 0.610676 0.029481 0.037774
0 0.361586 0.512700 0.026533 0.049578
0 0.343897 0.738988 0.032429 0.048397
0 0.343529 0.786795 0.028744 0.047217
0 0.344266 0.868244 0.028744 0.044856
0 0.285304 0.908379 0.037588 0.049578
0 0.226341 0.858801 0.034640 0.054300
0 0.464991 0.744300 0.030218 0.044856
0 0.518794 0.944972 0.031692 0.054300
0 0.405660 0.881819 0.030955 0.043676
0 0.573334 0.845816 0.030218 0.040134
0 0.617925 0.838144 0.026533 0.041315
0 0.709685 0.837553 0.024322 0.044856
0 0.738060 0.778532 0.023585 0.044856
0 0.762014 0.770859 0.022848 0.038954
0 0.603921 0.711248 0.029481 0.049578
0 0.567070 0.655178 0.025059 0.041315
0 0.565596 0.534774 0.026533 0.046037
0 0.520268 0.501722 0.024322 0.046037
0 0.613502 0.575499 0.023585 0.040134
0 0.658093 0.605600 0.024322 0.046037
0 0.615345 0.646915 0.031692 0.046037
0 0.711159 0.605600 0.030218 0.050758
0 0.705999 0.485786 0.019900 0.040134
0 0.752432 0.520019 0.025796 0.047217
0 0.666200 0.482245 0.021374 0.037774
0 0.600973 0.347323 0.022111 0.046037
0 0.575914 0.358537 0.025059 0.047217
0 0.543485 0.355586 0.025059 0.043676
0 0.503317 0.228690 0.027270 0.042495
0 0.539431 0.208032 0.025796 0.057841
0 0.566701 0.169668 0.024322 0.054300
0 0.664726 0.137797 0.030218 0.035413
0 0.603921 0.053987 0.026533 0.042495
0 0.697892 0.275907 0.025796 0.049578
0 0.638561 0.333157 0.023585 0.046037
0 0.752432 0.354405 0.022848 0.043676
0 0.763119 0.217476 0.026533 0.043676
0 0.824292 0.342837 0.028007 0.046037
0 0.805498 0.631333 0.024322 0.043676
0 0.828346 0.789510 0.027270 0.048397
0 0.967276 0.922544 0.022111 0.033052
0 0.955483 0.937890 0.022111 0.033052
0 0.869988 0.688820 0.030955 0.059021
0 0.840876 0.722462 0.025796 0.046037
0 0.952904 0.780657 0.022848 0.047217
0 0.925265 0.548113 0.020637 0.044856
0 0.813237 0.463713 0.022111 0.041315
0 0.947745 0.443055 0.022848 0.047217
0 0.986439 0.618939 0.025059 0.049578
0 0.873673 0.500660 0.023585 0.044856
0 0.977963 0.191979 0.022848 0.043676
0 0.920106 0.200832 0.026533 0.047217
0 0.627506 0.428654 0.026533 0.049578
0 0.226651 0.949506 0.037736 0.049106