1 0.736955 0.174980 0.078862 0.126306
0 0.359735 0.107796 0.026861 0.050365
0 0.373493 0.051661 0.020309 0.036724
0 0.453092 0.075794 0.027516 0.049316
0 0.393475 0.271482 0.026205 0.050365
0 0.464885 0.343357 0.026205 0.049316
0 0.502883 0.267285 0.027516 0.048266
0 0.334513 0.266236 0.028826 0.048266
0 0.316824 0.356997 0.024895 0.043020
0 0.328944 0.459301 0.026861 0.046168
0 0.314858 0.542193 0.030136 0.048266
0 0.339754 0.670728 0.034067 0.045118
0 0.460299 0.761175 0.028826 0.040921
0 0.462919 0.702941 0.028826 0.048266
0 0.434421 0.771668 0.022930 0.045118
0 0.437369 0.848264 0.027516 0.045118
0 0.269654 0.737042 0.032757 0.045118
0 0.381355 0.954240 0.041274 0.047217
0 0.571999 0.944272 0.034722 0.048266
0 0.649961 0.964208 0.030791 0.041971
0 0.674201 0.916991 0.030791 0.039872
0 0.567414 0.854560 0.032102 0.047217
0 0.571999 0.812589 0.026861 0.040921
0 0.239190 0.503055 0.041274 0.055611
0 0.451127 0.496235 0.024895 0.048266
0 0.507796 0.546600 0.028171 0.052463
0 0.584775 0.645231 0.027516 0.041971
0 0.686976 0.832525 0.020964 0.034626
0 0.672235 0.772717 0.025550 0.047217
0 0.678459 0.614278 0.026205 0.036724
0 0.715147 0.625295 0.027516 0.044069
0 0.648650 0.615852 0.025550 0.041971
0 0.741025 0.717106 0.029481 0.043020
0 0.668305 0.498649 0.028171 0.038823
0 0.573965 0.300337 0.025550 0.053513
0 0.601808 0.245250 0.023585 0.046168
0 0.627031 0.210625 0.025550 0.046168
0 0.664046 0.337586 0.024895 0.041971
0 0.735784 0.087336 0.020309 0.034626
0 0.202896 0.652681 0.039963 0.055611
0 0.214033 0.727704 0.028171 0.050365
0 0.198637 0.818990 0.034067 0.067153
0 0.136399 0.732950 0.032757 0.058759
0 0.180621 0.920769 0.036032 0.048266
0 0.386989 0.523936 0.030791 0.050365
0 0.788784 0.524356 0.027516 0.033577
0 0.919484 0.472417 0.029481 0.040921
0 0.821541 0.803146 0.031447 0.045118
0 0.868056 0.785308 0.028826 0.038823
0 0.901795 0.910171 0.033412 0.034626
0 0.764872 0.850363 0.033412 0.043020
0 0.768147 0.915942 0.028171 0.031478
0 0.773061 0.964208 0.027516 0.037774
0 0.826127 0.695596 0.028826 0.041971
0 0.877555 0.666217 0.030791 0.041971
0 0.911295 0.748584 0.032757 0.040921
0 0.959119 0.743862 0.023585 0.041971
0 0.859211 0.563808 0.022930 0.039872
0 0.764216 0.219019 0.025550 0.039872
0 0.833988 0.281450 0.020964 0.040921
0 0.537801 0.685103 0.032102 0.035675