0 0.305979 0.187463 0.031215 0.051105
0 0.337195 0.311893 0.028441 0.048884
0 0.388180 0.290785 0.023585 0.048884
0 0.463097 0.392440 0.031909 0.047773
0 0.347253 0.389663 0.030522 0.044440
0 0.275111 0.333002 0.033296 0.053327
0 0.442286 0.210238 0.031909 0.067770
0 0.486335 0.061921 0.025666 0.053327
0 0.337195 0.506205 0.024279 0.045551
0 0.247364 0.450100 0.033296 0.055549
0 0.516509 0.360110 0.027747 0.048884
0 0.525180 0.407883 0.027053 0.044440
0 0.566107 0.320115 0.032603 0.048884
0 0.546684 0.165132 0.025666 0.049995
0 0.618133 0.416771 0.022891 0.039996
0 0.427026 0.493873 0.034684 0.048884
0 0.462750 0.682742 0.031215 0.051105
0 0.368063 0.703850 0.034684 0.048884
0 0.350028 0.739402 0.031909 0.048884
0 0.245283 0.606639 0.034684 0.058882
0 0.196102 0.424992 0.038152 0.051105
0 0.179800 0.519982 0.034684 0.063326
0 0.209628 0.672743 0.027747 0.055549
0 0.453801 0.958822 0.036071 0.043329
0 0.477039 0.875498 0.035377 0.047773
0 0.535655 0.772732 0.030522 0.042218
0 0.527678 0.675409 0.031215 0.048884
0 0.586640 0.782064 0.027053 0.044440
0 0.539123 0.569421 0.026360 0.042218
0 0.511029 0.563866 0.022891 0.044440
0 0.531840 0.048589 0.021504 0.044440
0 0.621670 0.195795 0.020810 0.045551
0 0.602594 0.200239 0.024279 0.045551
0 0.674736 0.361777 0.025666 0.049995
0 0.759365 0.386774 0.025666 0.044440
0 0.762139 0.291785 0.027053 0.038885
0 0.790233 0.301783 0.026360 0.036663
0 0.782950 0.172909 0.024279 0.043329
0 0.737514 0.085696 0.023585 0.042218
0 0.618549 0.038035 0.027053 0.041107
0 0.683060 0.490207 0.025666 0.045551
0 0.699709 0.556867 0.031215 0.045551
0 0.632422 0.547979 0.024279 0.041107
0 0.708726 0.729625 0.029828 0.044440
0 0.693466 0.757400 0.031215 0.046662
0 0.626526 0.704628 0.026360 0.045551
0 0.600860 0.672409 0.022198 0.045551
0 0.724334 0.665743 0.024972 0.034441
0 0.698321 0.844613 0.027053 0.041107
0 0.723294 0.965155 0.035377 0.048884
0 0.624098 0.960711 0.029828 0.042218
0 0.510336 0.924604 0.028441 0.045551
0 0.802372 0.943491 0.029828 0.049995
0 0.826998 0.845724 0.030522 0.047773
0 0.906423 0.844613 0.027053 0.041107
0 0.952900 0.810727 0.024279 0.039996
0 0.968854 0.919604 0.031215 0.035552
0 0.822489 0.730736 0.032603 0.039996
0 0.859947 0.659300 0.036765 0.041107
0 0.766301 0.594307 0.028441 0.042218
0 0.860988 0.423326 0.027747 0.036663
0 0.850930 0.351667 0.027053 0.044440
0 0.867231 0.315560 0.023585 0.045551
0 0.810696 0.543312 0.025666 0.038885
0 0.899834 0.354111 0.023585 0.037774
0 0.881798 0.134691 0.023585 0.038885
0 0.887347 0.210238 0.027747 0.043329