0 0.045148 0.226348 0.025168 0.043878
0 0.096702 0.192637 0.032475 0.044949
0 0.134455 0.177119 0.028416 0.043878
0 0.147039 0.449486 0.029228 0.044949
0 0.219702 0.439319 0.031663 0.041738
0 0.237969 0.229559 0.027604 0.041738
0 0.334583 0.063677 0.027604 0.046019
0 0.169366 0.538313 0.028416 0.044949
0 0.176267 0.602526 0.029228 0.036387
0 0.103603 0.652290 0.033287 0.046019
0 0.041494 0.751926 0.025980 0.044949
0 0.101574 0.912457 0.029228 0.044949
0 0.144197 0.872324 0.025168 0.041738
0 0.175455 0.816139 0.027604 0.038527
0 0.183168 0.979880 0.031663 0.036387
0 0.123900 0.887307 0.025168 0.033176
0 0.270851 0.911387 0.026792 0.034247
0 0.339454 0.868044 0.027604 0.041738
0 0.380454 0.933326 0.028416 0.033176
0 0.484781 0.894799 0.027604 0.033176
0 0.406435 0.815283 0.034911 0.044949
0 0.332959 0.710402 0.027604 0.040668
0 0.394256 0.687393 0.030040 0.043878
0 0.416989 0.607128 0.028416 0.039598
0 0.321999 0.570741 0.030040 0.039598
0 0.308197 0.608198 0.028416 0.037457
0 0.281811 0.557363 0.032475 0.042808
0 0.268415 0.470355 0.026792 0.039598
0 0.358940 0.428082 0.027604 0.034247
0 0.418613 0.217787 0.026792 0.043878
0 0.490870 0.210830 0.031663 0.047089
0 0.551761 0.033711 0.026792 0.050300
0 0.526593 0.227954 0.028416 0.044949
0 0.481939 0.657748 0.028416 0.040668
0 0.530246 0.611194 0.029228 0.050300
0 0.557850 0.641695 0.025980 0.040668
0 0.596009 0.947774 0.027604 0.040668
0 0.611434 0.657641 0.025980 0.048159
0 0.590325 0.511023 0.025980 0.043878
0 0.619147 0.462329 0.026792 0.038527
0 0.652028 0.636772 0.025980 0.042808
0 0.589108 0.280929 0.034911 0.041738
0 0.602098 0.405073 0.021921 0.043878
0 0.656900 0.100064 0.025980 0.041738
0 0.719414 0.025685 0.034099 0.051370
0 0.694652 0.287885 0.030040 0.047089
0 0.718602 0.358519 0.022733 0.038527
0 0.776652 0.364405 0.030040 0.037457
0 0.814404 0.596961 0.025980 0.038527
0 0.700741 0.579302 0.029228 0.041738
0 0.760820 0.687928 0.027604 0.040668
0 0.809533 0.686323 0.030851 0.041738
0 0.986117 0.539170 0.026792 0.042808
0 0.955265 0.429259 0.026792 0.046019
0 0.834295 0.492402 0.026792 0.037457
0 0.864741 0.735338 0.032475 0.048159
0 0.714949 0.805437 0.031663 0.034247
0 0.684503 0.820955 0.027604 0.035317
0 0.861087 0.831657 0.028416 0.037457
0 0.893968 0.984054 0.024356 0.031892
0 0.944711 0.718215 0.031663 0.050300
0 0.644721 0.831122 0.022733 0.034247
0 0.913454 0.911387 0.022733 0.032106
0 0.952830 0.883027 0.025168 0.031036
0 0.809939 0.891053 0.026792 0.036387
0 0.871642 0.591717 0.025168 0.037457
0 0.903711 0.080265 0.029228 0.036387
0 0.747668 0.751391 0.024356 0.039598
0 0.756742 0.928705 0.024799 0.028020
0 0.533549 0.402397 0.024799 0.045143
0 0.390658 0.335461 0.027161 0.038917
0 0.351688 0.327677 0.027161 0.042030
0 0.307994 0.021015 0.029523 0.042030
0 0.391601 0.217548 0.019599 0.033477
0 0.334922 0.242849 0.021395 0.027196
0 0.056017 0.149174 0.019867 0.033239
0 0.482779 0.015612 0.028273 0.031224
0 0.448394 0.016116 0.025216 0.032232