0 0.674307 0.045134 0.028744 0.043676
0 0.663620 0.092941 0.025059 0.037774
0 0.687574 0.142519 0.028744 0.035413
0 0.607238 0.099433 0.028744 0.046037
0 0.764593 0.230460 0.029481 0.038954
0 0.866672 0.294794 0.024322 0.042495
0 0.844192 0.369751 0.023585 0.036593
0 0.714107 0.256430 0.024322 0.043676
0 0.641878 0.332567 0.033166 0.044856
0 0.542011 0.182653 0.029481 0.049578
0 0.545696 0.305417 0.028007 0.047217
0 0.827609 0.460053 0.028744 0.051939
0 0.777491 0.400678 0.027270 0.043676
0 0.792600 0.588956 0.020637 0.040134
0 0.730690 0.457338 0.032429 0.043676
0 0.892468 0.535837 0.025796 0.042495
0 0.988060 0.524622 0.023880 0.043676
0 0.980542 0.382971 0.026533 0.043676
0 0.736955 0.557792 0.025796 0.042495
0 0.953272 0.747841 0.029481 0.042495
0 0.970593 0.845226 0.028744 0.048397
0 0.926739 0.847587 0.029481 0.048397
0 0.923054 0.895394 0.030955 0.042495
0 0.839402 0.850538 0.025796 0.047217
0 0.894310 0.965630 0.029481 0.038954
0 0.778228 0.793878 0.021374 0.037774
0 0.799233 0.865884 0.029481 0.040134
0 0.757223 0.863523 0.026533 0.044856
0 0.616082 0.513881 0.031692 0.040134
0 0.649617 0.636645 0.029481 0.042495
0 0.591760 0.161996 0.028744 0.048397
0 0.866672 0.657775 0.025796 0.048397
0 0.540537 0.488383 0.028007 0.037774
0 0.521742 0.375063 0.025796 0.044856
0 0.469413 0.437625 0.030218 0.040134
0 0.423349 0.500778 0.030955 0.053119
0 0.535746 0.692007 0.027270 0.046037
0 0.601710 0.668989 0.030955 0.049578
0 0.617925 0.464185 0.026533 0.048397
0 0.402344 0.132485 0.028744 0.053119
0 0.670254 0.911330 0.029481 0.048397
0 0.496315 0.717150 0.030955 0.049578
0 0.404923 0.660490 0.036851 0.061382
0 0.483785 0.861752 0.025059 0.053119
0 0.512529 0.919003 0.030955 0.051939
0 0.390920 0.977208 0.030955 0.045584
0 0.298423 0.161996 0.028744 0.055480
0 0.310584 0.341420 0.036851 0.067284
0 0.302845 0.445888 0.030218 0.059021
0 0.211453 0.471267 0.036114 0.055480
0 0.198924 0.386867 0.031692 0.054300
0 0.282577 0.552126 0.028007 0.051939
0 0.267468 0.468906 0.031692 0.060202
0 0.364755 0.776761 0.033166 0.060202
0 0.342276 0.934348 0.036851 0.051939
0 0.297317 0.848177 0.032429 0.054300
0 0.214770 0.879458 0.030955 0.050758
0 0.243146 0.922544 0.037588 0.044856
0 0.284419 0.936119 0.033166 0.048397
0 0.212190 0.661080 0.033166 0.057841
0 0.331589 0.767908 0.037588 0.051939
0 0.569222 0.857905 0.036557 0.050994