0 0.880064 0.294229 0.029828 0.043329
0 0.942148 0.117026 0.023585 0.046662
0 0.827691 0.052033 0.024972 0.041107
0 0.768036 0.089251 0.023585 0.039996
0 0.737514 0.074253 0.020810 0.041107
0 0.776706 0.271120 0.024279 0.034441
0 0.776013 0.313893 0.021504 0.035552
0 0.734392 0.278897 0.025666 0.043329
0 0.836016 0.304450 0.023585 0.041107
0 0.987722 0.703073 0.024556 0.041107
0 0.937986 0.698073 0.023585 0.044440
0 0.853357 0.686408 0.023585 0.041107
0 0.776360 0.599195 0.030522 0.039996
0 0.744797 0.586419 0.022891 0.038885
0 0.703871 0.375553 0.028441 0.043329
0 0.627220 0.306894 0.027747 0.045551
0 0.562708 0.206350 0.024972 0.053327
0 0.541551 0.260232 0.025666 0.047773
0 0.487445 0.040257 0.028441 0.045551
0 0.565483 0.383663 0.026360 0.042218
0 0.598432 0.508094 0.032603 0.044440
0 0.580744 0.566977 0.024972 0.046662
0 0.658782 0.698073 0.027053 0.037774
0 0.754856 0.799173 0.030522 0.039996
0 0.928274 0.892496 0.027747 0.039996
0 0.925846 0.754178 0.028441 0.036663
0 0.830119 0.980689 0.028441 0.038622
0 0.726415 0.873054 0.026360 0.045551
0 0.653233 0.851390 0.028441 0.042218
0 0.661557 0.926381 0.028441 0.038885
0 0.680633 0.955267 0.031909 0.043329
0 0.586987 0.959156 0.026360 0.044440
0 0.545713 0.946379 0.028441 0.038885
0 0.604675 0.710072 0.028441 0.044440
0 0.485363 0.653967 0.031215 0.047773
0 0.472531 0.715071 0.031909 0.049995
0 0.434378 0.753400 0.027747 0.044440
0 0.493688 0.573976 0.024279 0.038885
0 0.552303 0.627859 0.029134 0.033330
0 0.478774 0.303006 0.024972 0.051105
0 0.439234 0.378553 0.029134 0.053327
0 0.393799 0.070809 0.031215 0.044440
0 0.357381 0.265787 0.029134 0.052216
0 0.404897 0.366887 0.022891 0.043329
0 0.393452 0.424103 0.026360 0.046662
0 0.317148 0.299673 0.026360 0.048884
0 0.396504 0.696962 0.033296 0.055549
0 0.393729 0.557533 0.033296 0.047773
0 0.384018 0.808617 0.033296 0.052216
0 0.367023 0.961933 0.025666 0.061104
0 0.444367 0.945824 0.034684 0.039996
0 0.307714 0.885830 0.034684 0.053327
0 0.237653 0.710294 0.030522 0.057771
0 0.184309 0.695296 0.032603 0.045551
0 0.133324 0.918049 0.030522 0.062215
0 0.040025 0.933603 0.035377 0.064437
0 0.200264 0.979022 0.035377 0.041955
0 0.230785 0.932492 0.031215 0.048884
0 0.194367 0.861944 0.030522 0.056660
0 0.208935 0.590307 0.030522 0.057771
0 0.224542 0.544201 0.036765 0.052216
0 0.212750 0.352111 0.032603 0.053327
0 0.274348 0.537313 0.033990 0.056660
0 0.684309 0.230236 0.021504 0.038885
0 0.593091 0.437435 0.031909 0.042218
0 0.371601 0.598529 0.029828 0.039996
0 0.816431 0.156631 0.024568 0.043282