0 0.362683 0.271587 0.027516 0.043020
0 0.352529 0.358152 0.025550 0.048266
0 0.256224 0.394876 0.029481 0.048266
0 0.240501 0.431600 0.032102 0.054562
0 0.354494 0.415337 0.032102 0.047217
0 0.472091 0.402746 0.031447 0.049316
0 0.511727 0.320903 0.028171 0.049316
0 0.623428 0.131510 0.024895 0.048266
0 0.614911 0.204959 0.023585 0.033577
0 0.514020 0.463708 0.019654 0.039872
0 0.589033 0.400227 0.024240 0.047217
0 0.462919 0.510400 0.028826 0.047217
0 0.302083 0.700318 0.032102 0.061907
0 0.364649 0.659396 0.036688 0.047217
0 0.389216 0.503580 0.032102 0.050365
0 0.496986 0.636312 0.032757 0.051414
0 0.467833 0.711860 0.025550 0.043020
0 0.191431 0.527398 0.028826 0.059808
0 0.151140 0.559401 0.026861 0.052463
0 0.168501 0.775865 0.032757 0.059808
0 0.215998 0.859806 0.032102 0.059808
0 0.286753 0.852461 0.030791 0.053513
0 0.289701 0.799473 0.031447 0.050365
0 0.479036 0.873971 0.030136 0.046168
0 0.504914 0.973652 0.024240 0.046168
0 0.447589 0.975809 0.036688 0.048382
0 0.575865 0.531910 0.027516 0.044069
0 0.597484 0.701892 0.024895 0.037774
0 0.510679 0.601687 0.024240 0.049316
0 0.544418 0.786882 0.031447 0.052463
0 0.750459 0.929583 0.032102 0.050365
0 0.776336 0.815212 0.026205 0.046168
0 0.874934 0.903876 0.029481 0.036724
0 0.698375 0.705564 0.027516 0.040921
0 0.644654 0.710286 0.030136 0.044069
0 0.733753 0.712909 0.030136 0.043020
0 0.747183 0.636312 0.028171 0.049316
0 0.872642 0.657298 0.024895 0.043020
0 0.820886 0.584374 0.023585 0.037774
0 0.646292 0.419219 0.025550 0.044069
0 0.675445 0.452271 0.023585 0.040921
0 0.616156 0.544606 0.024240 0.040921
0 0.796646 0.181245 0.022275 0.044069
0 0.749148 0.473466 0.029481 0.036724
0 0.743580 0.429922 0.020964 0.033577
0 0.861504 0.500222 0.026205 0.039872
0 0.909657 0.337166 0.024240 0.044069
0 0.723598 0.147144 0.026861 0.045118
0 0.949292 0.538101 0.023585 0.049316
0 0.573899 0.838821 0.037998 0.038823