0 0.179053 0.068969 0.030310 0.042808
0 0.250859 0.136986 0.028145 0.038052
0 0.269262 0.249715 0.025980 0.039003
0 0.316532 0.249239 0.029589 0.039954
0 0.306428 0.354833 0.026702 0.038052
0 0.135753 0.503805 0.036084 0.043760
0 0.094257 0.510464 0.026702 0.041857
0 0.192043 0.735160 0.031754 0.038052
0 0.107608 0.804604 0.031754 0.036149
0 0.389781 0.847888 0.031754 0.039003
0 0.532672 0.878805 0.030310 0.038052
0 0.360193 0.572489 0.028867 0.038052
0 0.336017 0.621005 0.031032 0.036149
0 0.363657 0.361492 0.030310 0.036149
0 0.414534 0.368626 0.032475 0.048516
0 0.466495 0.400780 0.032475 0.042808
0 0.529280 0.481640 0.026702 0.040906
0 0.420452 0.172184 0.031032 0.041857
0 0.563704 0.269216 0.027424 0.038052
0 0.648356 0.315354 0.026702 0.042808
0 0.621654 0.374810 0.025258 0.034247
0 0.684079 0.420472 0.031754 0.047565
0 0.723049 0.263984 0.025980 0.042808
0 0.704285 0.201674 0.027424 0.039954
0 0.676501 0.098935 0.028145 0.039954
0 0.626345 0.059456 0.017320 0.035198
0 0.588818 0.087043 0.028867 0.040906
0 0.592787 0.284056 0.031032 0.045662
0 0.650160 0.534912 0.031754 0.044711
0 0.534332 0.618626 0.029589 0.039003
0 0.527115 0.972888 0.028145 0.031393
0 0.609386 0.962900 0.028145 0.034247
0 0.746864 0.906298 0.024537 0.037100
0 0.686244 0.881564 0.027424 0.035198
0 0.747947 0.658486 0.023815 0.030441
0 0.854754 0.723174 0.031032 0.045662
0 0.888312 0.728406 0.024537 0.035198
0 0.774648 0.672755 0.025258 0.032344
0 0.858001 0.570967 0.024537 0.034247
0 0.801711 0.509513 0.027424 0.039954
0 0.827330 0.402968 0.026702 0.041857
0 0.873156 0.123668 0.025980 0.036149
0 0.258437 0.456906 0.034640 0.039003
0 0.290912 0.399829 0.030310 0.040906
0 0.152712 0.936739 0.025258 0.037100
0 0.209724 0.052321 0.025258 0.045662
0 0.754947 0.370053 0.027424 0.041857
0 0.805825 0.185978 0.020928 0.042808
0 0.333491 0.890601 0.030310 0.034247
0 0.908230 0.598174 0.024537 0.036149
0 0.917611 0.677607 0.024537 0.033295
0 0.946117 0.674277 0.020928 0.032344
0 0.981840 0.832192 0.027424 0.039954
0 0.764256 0.859589 0.025258 0.036149
0 0.943952 0.505042 0.028145 0.044711
0 0.918333 0.363870 0.027424 0.039003
0 0.959829 0.335807 0.026702 0.041857
0 0.893075 0.214041 0.023093 0.045662
0 0.831372 0.129852 0.020928 0.040906
0 0.596540 0.472508 0.029589 0.048516
0 0.597983 0.919616 0.029589 0.040906