0 0.065034 0.123388 0.033621 0.047341
0 0.135715 0.106265 0.025216 0.039283
0 0.207925 0.180298 0.032093 0.040290
0 0.084901 0.560637 0.029037 0.044319
0 0.172011 0.544521 0.027508 0.038276
0 0.278606 0.632655 0.031329 0.045326
0 0.386347 0.494561 0.034386 0.040290
0 0.280134 0.234690 0.029801 0.044319
0 0.226646 0.824940 0.035914 0.040290
0 0.327892 0.659750 0.027508 0.042305
0 0.362277 0.618956 0.030565 0.047341
0 0.413856 0.887389 0.025216 0.034247
0 0.322161 0.725725 0.029801 0.037268
0 0.492560 0.696515 0.028273 0.035254
0 0.546813 0.681406 0.025216 0.033239
0 0.602594 0.774577 0.020631 0.038276
0 0.226264 0.754936 0.035150 0.035254
0 0.290832 0.949335 0.026744 0.037268
0 0.454583 0.395548 0.025980 0.045326
0 0.504251 0.470588 0.029037 0.040290
0 0.443122 0.123892 0.030565 0.040290
0 0.605880 0.116338 0.029037 0.047341
0 0.541311 0.083098 0.029801 0.041297
0 0.501195 0.192889 0.030565 0.055399
0 0.382374 0.405117 0.020631 0.036261
0 0.342639 0.157635 0.031329 0.053384
0 0.557740 0.601531 0.024452 0.038276
0 0.614667 0.564766 0.029801 0.045326
0 0.582192 0.571817 0.027508 0.043312
0 0.629644 0.767929 0.026744 0.034247
0 0.740824 0.788578 0.024452 0.043312
0 0.687717 0.677780 0.028273 0.039283
0 0.733564 0.604754 0.023688 0.034247
0 0.791638 0.840955 0.025216 0.037268
0 0.893648 0.930097 0.024452 0.036261
0 0.846655 0.880741 0.017575 0.036261
0 0.982286 0.842466 0.030565 0.048348
0 0.887535 0.624899 0.025980 0.044319
0 0.921539 0.590149 0.023688 0.039283
0 0.945226 0.754331 0.023688 0.039283
0 0.812651 0.547643 0.029037 0.037268
0 0.745408 0.446112 0.027508 0.037268
0 0.725541 0.375604 0.025980 0.043312
0 0.696122 0.338336 0.032857 0.041297
0 0.641870 0.448127 0.028273 0.043312
0 0.655242 0.234690 0.029037 0.036261
0 0.743498 0.081587 0.031329 0.044319
0 0.774827 0.218574 0.029801 0.044319
0 0.823349 0.252317 0.027508 0.047341
0 0.863465 0.147562 0.029801 0.045326
0 0.814561 0.031225 0.025216 0.040290
0 0.285330 0.792707 0.028273 0.032232
0 0.203187 0.548147 0.022924 0.044319