0 0.284144 0.246575 0.027712 0.038813
1 0.244741 0.297945 0.111715 0.141553
0 0.361219 0.212329 0.031176 0.041096
0 0.328311 0.031963 0.032908 0.043379
0 0.380704 0.098744 0.035506 0.053653
0 0.071540 0.216324 0.033774 0.055936
0 0.051189 0.640982 0.032908 0.042237
0 0.098819 0.586187 0.031176 0.049087
0 0.208369 0.566781 0.026846 0.037671
0 0.283711 0.462329 0.028578 0.041096
0 0.291505 0.678653 0.026846 0.037671
0 0.149047 0.863584 0.031176 0.035388
0 0.051189 0.972032 0.034640 0.039954
0 0.047725 0.913813 0.031176 0.044521
0 0.278948 0.831621 0.029444 0.044521
0 0.448252 0.333333 0.032042 0.047945
0 0.446087 0.551941 0.027712 0.037671
0 0.372477 0.457192 0.031176 0.051370
0 0.233050 0.555365 0.027712 0.037671
0 0.310124 0.515411 0.024248 0.039954
0 0.288474 0.205479 0.029444 0.038813
0 0.449118 0.108447 0.026846 0.045662
0 0.151645 0.754566 0.031176 0.045662
0 0.411447 0.587329 0.024248 0.044521
0 0.356456 0.560502 0.028578 0.045662
0 0.371611 0.736301 0.031176 0.043379
0 0.375941 0.850457 0.025980 0.036530
0 0.361219 0.913813 0.024248 0.039954
0 0.345631 0.968607 0.027712 0.037671
0 0.473366 0.875571 0.026846 0.036530
0 0.530090 0.938927 0.029444 0.039954
0 0.470768 0.656050 0.028578 0.037671
0 0.555204 0.576142 0.024248 0.044521
0 0.504543 0.523059 0.028578 0.045662
0 0.510172 0.377283 0.031176 0.046804
0 0.498481 0.144406 0.028578 0.042237
0 0.533554 0.204909 0.025980 0.042237
0 0.552606 0.239155 0.025980 0.042237
0 0.680775 0.109589 0.027712 0.043379
0 0.569493 0.419521 0.023382 0.044521
0 0.598504 0.331050 0.020784 0.034247
0 0.633144 0.433219 0.022516 0.037671
0 0.586380 0.484018 0.017320 0.036530
0 0.630979 0.345205 0.030310 0.045662
0 0.641804 0.501826 0.027712 0.043379
0 0.693332 0.550342 0.028578 0.049087
0 0.607164 0.641096 0.029444 0.036530
0 0.517966 0.685502 0.025980 0.042237
0 0.674713 0.801941 0.025980 0.037671
0 0.604999 0.788242 0.028578 0.044521
0 0.664321 0.859589 0.025980 0.034247
0 0.591143 0.933219 0.026846 0.039954
0 0.630546 0.969178 0.025980 0.034247
0 0.723896 0.830930 0.022562 0.036049
0 0.727998 0.939077 0.022562 0.032444
0 0.798759 0.841294 0.024613 0.031543
0 0.766626 0.838140 0.020511 0.032444
0 0.728681 0.769647 0.023929 0.032444
0 0.710222 0.690339 0.022562 0.036049
0 0.771754 0.744863 0.023929 0.035148
0 0.806280 0.753875 0.020511 0.031543
0 0.854138 0.784517 0.023245 0.036950
0 0.933446 0.747567 0.020511 0.038753
0 0.933788 0.900324 0.022562 0.036049
0 0.890374 0.847152 0.025980 0.036049
0 0.788504 0.957102 0.030082 0.039654
0 0.899603 0.713590 0.023929 0.039654
0 0.810040 0.658886 0.022562 0.033345
0 0.737227 0.538572 0.024613 0.036049
0 0.735860 0.285869 0.024613 0.043259
0 0.681165 0.253875 0.019143 0.029740
0 0.708513 0.038933 0.020511 0.048666
0 0.803203 0.179524 0.033501 0.039654
0 0.892767 0.169160 0.022562 0.040555
0 0.900287 0.289023 0.025296 0.038753
0 0.723554 0.407985 0.027348 0.042358
0 0.838413 0.321017 0.027348 0.037851
0 0.988943 0.389960 0.022114 0.040555
0 0.892767 0.557678 0.026664 0.039654
0 0.862342 0.624279 0.027348 0.045963
0 0.768335 0.402758 0.026664 0.040555
0 0.839097 0.868151 0.021878 0.029740
0 0.782351 0.549207 0.024613 0.032444
0 0.604592 0.487203 0.023245 0.032444
0 0.650057 0.138338 0.022562 0.031543