1 0.870424 0.868044 0.092554 0.043878
0 0.835107 0.879281 0.017049 0.032106
0 0.852959 0.800718 0.028454 0.034247
0 0.773472 0.751875 0.026599 0.039954
0 0.708212 0.871738 0.027217 0.039954
0 0.844608 0.550881 0.026599 0.042401
0 0.878630 0.698875 0.024124 0.030170
0 0.735120 0.704990 0.025362 0.032616
0 0.696460 0.741765 0.027217 0.039954
0 0.636458 0.771934 0.025980 0.036693
0 0.604292 0.716487 0.024743 0.041585
0 0.643881 0.964693 0.024743 0.033431
0 0.816154 0.495760 0.032784 0.047293
0 0.749348 0.576076 0.021650 0.035062
0 0.732337 0.540607 0.023506 0.034247
0 0.704192 0.580072 0.030310 0.045662
0 0.626870 0.617172 0.025362 0.043216
0 0.593776 0.580887 0.021032 0.035877
0 0.540579 0.717058 0.023506 0.035877
0 0.838732 0.644080 0.024743 0.036693
0 0.750276 0.429387 0.024743 0.039139
0 0.697078 0.409410 0.029692 0.044847
0 0.557899 0.520874 0.023506 0.039139
0 0.573672 0.653376 0.024124 0.033431
0 0.624705 0.329664 0.025980 0.036693
0 0.557899 0.387149 0.022269 0.037508
0 0.535939 0.330479 0.024124 0.038324
0 0.728007 0.225457 0.021032 0.039954
0 0.838732 0.274788 0.024743 0.034247
0 0.639860 0.247472 0.025362 0.038324
0 0.760173 0.067678 0.025980 0.039139
0 0.695841 0.182241 0.025980 0.038324
0 0.572744 0.177756 0.025980 0.032616
0 0.546146 0.188356 0.025980 0.039139
0 0.930590 0.281311 0.019176 0.029354
0 0.863166 0.289873 0.024124 0.036693
0 0.617282 0.113748 0.027217 0.036693
0 0.895331 0.507339 0.025362 0.035877
0 0.545218 0.967140 0.022887 0.028539
0 0.263024 0.772260 0.025362 0.035062
0 0.180444 0.687867 0.028454 0.040770
0 0.253436 0.836676 0.021032 0.035062
0 0.315293 0.804468 0.024743 0.032616
0 0.363852 0.770629 0.030310 0.033431
0 0.464370 0.907208 0.023506 0.032616
0 0.427256 0.890492 0.025980 0.035062
0 0.343748 0.905985 0.025980 0.041585
0 0.323026 0.681751 0.024124 0.033431
0 0.472102 0.658105 0.022887 0.035062
0 0.385440 0.510192 0.023506 0.033431
0 0.422554 0.504077 0.022269 0.032616
0 0.479154 0.495923 0.025362 0.029354
0 0.499876 0.457599 0.024743 0.037508
0 0.326675 0.561399 0.021032 0.035062
0 0.285540 0.405251 0.022887 0.037508
0 0.238838 0.342058 0.023506 0.035062
0 0.323892 0.376305 0.025362 0.041585
0 0.206053 0.451321 0.027217 0.041585
0 0.154711 0.401174 0.025980 0.037508
0 0.172959 0.294765 0.024124 0.038324
0 0.449772 0.288650 0.024743 0.040770
0 0.495546 0.294357 0.018557 0.035877
0 0.363171 0.348989 0.029692 0.053816
0 0.426884 0.205479 0.023506 0.037508
0 0.469566 0.103147 0.024743 0.044847
0 0.442967 0.052593 0.024743 0.043216
0 0.327912 0.149217 0.025980 0.039139
0 0.182238 0.097440 0.025362 0.038324
0 0.399172 0.089693 0.027217 0.039139
0 0.462576 0.363666 0.029073 0.045662
0 0.503093 0.557241 0.025980 0.039139
0 0.248120 0.059273 0.029977 0.047418
0 0.109773 0.303653 0.030310 0.043760