0 0.574282 0.162221 0.025069 0.041456
0 0.503292 0.052440 0.025980 0.038527
0 0.231312 0.085081 0.027604 0.043878
0 0.256480 0.060467 0.025980 0.041738
0 0.187876 0.013913 0.025168 0.027825
0 0.244302 0.324272 0.027604 0.042808
0 0.311282 0.274508 0.025168 0.037457
0 0.405866 0.195312 0.025980 0.043878
0 0.399371 0.333369 0.025980 0.043878
0 0.349035 0.375107 0.027604 0.041738
0 0.475688 0.209760 0.022733 0.040668
0 0.519123 0.160531 0.020297 0.040668
0 0.451737 0.058861 0.023545 0.044949
0 0.047989 0.054366 0.029228 0.042808
0 0.147445 0.579088 0.030040 0.046019
0 0.147445 0.746575 0.028416 0.032106
0 0.249336 0.702697 0.029228 0.042808
0 0.317128 0.841289 0.028416 0.031036
0 0.324029 0.717680 0.024356 0.036387
0 0.271257 0.930651 0.024356 0.038527
0 0.227415 0.939747 0.027604 0.028896
0 0.391415 0.788848 0.024356 0.041738
0 0.413336 0.981914 0.029228 0.036172
0 0.388573 0.540561 0.025168 0.037457
0 0.415365 0.609482 0.023545 0.031036
0 0.454741 0.604131 0.027604 0.039598
0 0.379642 0.434503 0.020297 0.036387
0 0.480722 0.459118 0.024356 0.036387
0 0.488028 0.651327 0.022733 0.034247
0 0.525781 0.656143 0.026792 0.041738
0 0.555415 0.563570 0.024356 0.038527
0 0.550543 0.385488 0.032475 0.042808
0 0.530652 0.473245 0.030040 0.047089
0 0.556226 0.344606 0.019485 0.032106
0 0.592355 0.386344 0.026792 0.040668
0 0.646751 0.298587 0.025168 0.042808
0 0.638632 0.240796 0.023545 0.038527
0 0.660959 0.509739 0.021109 0.037457
0 0.543236 0.797410 0.022733 0.039598
0 0.590731 0.773866 0.026792 0.039598
0 0.665098 0.794430 0.025296 0.042358
0 0.681165 0.741709 0.024613 0.034247
0 0.726972 0.706561 0.023245 0.034247
0 0.764575 0.769647 0.027348 0.041456
0 0.804571 0.737653 0.022562 0.036950
0 0.688344 0.901676 0.022562 0.036950
0 0.676379 0.983508 0.025980 0.032984
0 0.800127 0.898973 0.024613 0.035148
0 0.775856 0.905281 0.022562 0.033345
0 0.894818 0.983508 0.025296 0.032984
0 0.944385 0.941781 0.023245 0.034247
0 0.863026 0.582102 0.024613 0.036950
0 0.841490 0.648792 0.022562 0.036950
0 0.937206 0.719989 0.022562 0.035148
0 0.838071 0.403749 0.028031 0.043259
0 0.712957 0.314978 0.028031 0.045963
0 0.777565 0.159517 0.023245 0.041456
0 0.815168 0.166727 0.024613 0.043259
0 0.796708 0.239275 0.024613 0.040555
0 0.851062 0.214492 0.025296 0.037851
0 0.922507 0.105894 0.025980 0.038753
0 0.557417 0.179795 0.021878 0.035148
0 0.628179 0.510094 0.032133 0.037851
0 0.609378 0.630407 0.024613 0.036950
0 0.934813 0.500270 0.025980 0.040555
0 0.675695 0.402848 0.027348 0.036049