0 0.577553 0.148023 0.031909 0.043329
0 0.427372 0.080808 0.022891 0.046662
0 0.381590 0.092473 0.025666 0.043329
0 0.288638 0.108027 0.029828 0.058882
0 0.385752 0.182463 0.022891 0.052216
0 0.475236 0.338557 0.024279 0.053327
0 0.498474 0.357444 0.024972 0.048884
0 0.573044 0.417437 0.031215 0.053327
0 0.676054 0.423548 0.024972 0.043329
0 0.692703 0.530203 0.024972 0.047773
0 0.727733 0.490207 0.021504 0.047773
0 0.736404 0.437991 0.026360 0.047773
0 0.533504 0.509094 0.021504 0.045551
0 0.466218 0.516649 0.022891 0.045551
0 0.404481 0.437769 0.024279 0.054438
0 0.415927 0.542201 0.026360 0.054438
0 0.236265 0.363888 0.022198 0.051105
0 0.321240 0.537758 0.029828 0.045551
0 0.317078 0.597195 0.031215 0.044440
0 0.278579 0.643301 0.026360 0.058882
0 0.507839 0.579975 0.021504 0.047773
0 0.490844 0.621082 0.023585 0.041107
0 0.603912 0.614416 0.024972 0.052216
0 0.703385 0.654189 0.024972 0.045551
0 0.504648 0.710294 0.029828 0.039996
0 0.464415 0.747512 0.032603 0.045551
0 0.594132 0.898607 0.024279 0.047773
0 0.586501 0.966377 0.025666 0.047773
0 0.439442 0.860278 0.027053 0.044440
0 0.400943 0.893052 0.029134 0.056660
0 0.343022 0.861944 0.035377 0.056660
0 0.351901 0.367998 0.025666 0.045551
0 0.663360 0.270787 0.025666 0.046662
0 0.630411 0.612638 0.031909 0.056660
0 0.698391 0.890274 0.024972 0.046662
0 0.744173 0.850834 0.026360 0.052216
0 0.795158 0.821948 0.029828 0.058882
0 0.842675 0.676409 0.023585 0.043329
0 0.292869 0.414660 0.033296 0.056660
0 0.187431 0.635969 0.027747 0.061104
0 0.227317 0.799729 0.029828 0.056660
0 0.140261 0.873054 0.031909 0.061104
0 0.487791 0.752512 0.026360 0.053327
0 0.105230 0.890274 0.033990 0.062215
0 0.700668 0.087546 0.022930 0.049316
0 0.767820 0.163617 0.024895 0.058759
0 0.867073 0.149977 0.021619 0.041971
0 0.903105 0.468954 0.024240 0.048266
0 0.681342 0.276414 0.019654 0.045118
0 0.559814 0.969979 0.025550 0.053513
0 0.712461 0.973127 0.025550 0.051414
0 0.878210 0.868200 0.024240 0.049316
0 0.973532 0.932730 0.024895 0.044069
0 0.868711 0.665587 0.027516 0.048266