1 0.740523 0.493472 0.060079 0.127354
0 0.754731 0.535745 0.028416 0.040668
0 0.637414 0.134311 0.029228 0.046019
0 0.701553 0.060467 0.025980 0.043878
0 0.646345 0.224743 0.025980 0.036387
0 0.596414 0.168557 0.025168 0.039598
0 0.533900 0.187286 0.023545 0.042808
0 0.479504 0.119328 0.031663 0.050300
0 0.393444 0.101134 0.031663 0.041738
0 0.466108 0.361194 0.027604 0.046019
0 0.563127 0.310360 0.028416 0.040668
0 0.702771 0.224743 0.028416 0.036387
0 0.764474 0.014448 0.023545 0.028896
0 0.895592 0.027290 0.025980 0.035317
0 0.869612 0.161601 0.024356 0.034247
0 0.928879 0.310895 0.024356 0.039598
0 0.958919 0.319991 0.035723 0.051370
0 0.982869 0.064747 0.025168 0.039598
0 0.706830 0.391695 0.028416 0.040668
0 0.630107 0.405073 0.027604 0.039598
0 0.523345 0.377247 0.025168 0.041738
0 0.480722 0.469820 0.025980 0.040668
0 0.523751 0.561858 0.027604 0.038527
0 0.573682 0.614298 0.023545 0.036387
0 0.670701 0.593429 0.025980 0.039598
0 0.738088 0.371361 0.024356 0.042808
0 0.868394 0.343536 0.025168 0.032106
0 0.557850 0.471426 0.025980 0.037457
0 0.537147 0.528146 0.028416 0.033176
0 0.742147 0.179795 0.024356 0.034247
0 0.905741 0.510488 0.026792 0.044949
0 0.950394 0.540454 0.025168 0.038527
0 0.876513 0.542059 0.023545 0.035317
0 0.847285 0.578981 0.021921 0.038527
0 0.810345 0.550086 0.029228 0.042808
0 0.810751 0.662992 0.026792 0.039598
0 0.872860 0.729345 0.024356 0.041738
0 0.800196 0.793557 0.021921 0.035317
0 0.756355 0.791952 0.023545 0.036387
0 0.693840 0.772153 0.023545 0.041738
0 0.632949 0.801049 0.026792 0.037457
0 0.621989 0.637842 0.021109 0.036387
0 0.546890 0.662457 0.030040 0.042808
0 0.506296 0.689747 0.026792 0.041738
0 0.641474 0.609482 0.025980 0.041738
0 0.712513 0.664063 0.025168 0.039598
0 0.645127 0.645869 0.020297 0.033176
0 0.917513 0.775899 0.022733 0.038527
0 0.894780 0.811216 0.024356 0.032106
0 0.756761 0.695634 0.024356 0.034247
0 0.742147 0.945634 0.025980 0.032106
0 0.914265 0.879281 0.022733 0.034247
0 0.951206 0.833262 0.021921 0.034247
0 0.974345 0.818814 0.022733 0.037457
0 0.950800 0.950449 0.022733 0.037457
0 0.880167 0.967573 0.024356 0.033176
0 0.826988 0.965432 0.023545 0.031036
0 0.610622 0.964362 0.021109 0.037457
0 0.572870 0.895869 0.023545 0.035317
0 0.560286 0.984054 0.029228 0.031892
0 0.515632 0.954195 0.021109 0.029966
0 0.457177 0.859482 0.025980 0.039598
0 0.423484 0.964362 0.023545 0.033176
0 0.365435 0.857877 0.025980 0.036387
0 0.384920 0.956871 0.021109 0.037457
0 0.675979 0.860552 0.028416 0.043878
0 0.779899 0.962222 0.020297 0.037457
0 0.968661 0.885167 0.019485 0.031036
0 0.820087 0.764769 0.025980 0.038527
0 0.755543 0.606914 0.020297 0.037457
0 0.617523 0.847710 0.028416 0.028896
0 0.805474 0.952055 0.024356 0.040668
0 0.380048 0.498823 0.027604 0.048159
0 0.451900 0.451734 0.030040 0.037457
0 0.430385 0.550193 0.027604 0.041738
0 0.440128 0.287350 0.025980 0.046019
0 0.742959 0.836473 0.022733 0.036387
0 0.439316 0.738014 0.022733 0.036387
0 0.042306 0.955265 0.024356 0.038527
0 0.104415 0.919414 0.025168 0.039598
0 0.087772 0.968643 0.030851 0.037457
0 0.220514 0.963827 0.030040 0.038527
0 0.285058 0.926370 0.022733 0.040668
0 0.300890 0.955265 0.021921 0.032106
0 0.328900 0.792059 0.029228 0.046019
0 0.273692 0.751926 0.021109 0.038527
0 0.041900 0.555544 0.030040 0.046019
0 0.121465 0.591931 0.031663 0.048159
0 0.212395 0.614940 0.025168 0.036387
0 0.236752 0.502568 0.026792 0.044949
0 0.285464 0.456764 0.028416 0.042808
0 0.257860 0.427868 0.028416 0.038527
0 0.145821 0.552012 0.026792 0.038527
0 0.123494 0.283069 0.021109 0.037457
0 0.165712 0.303403 0.030851 0.048159
0 0.059356 0.139127 0.030851 0.049229
0 0.106039 0.313570 0.033287 0.047089
0 0.240405 0.221533 0.027604 0.044949
0 0.306979 0.265946 0.025980 0.050300
0 0.244870 0.116117 0.023545 0.039598
0 0.170989 0.114512 0.031663 0.042808
0 0.022821 0.265839 0.030851 0.047089
0 0.307385 0.726348 0.023545 0.037457
0 0.376801 0.642337 0.029228 0.044949
0 0.014296 0.711366 0.023545 0.041738
0 0.574088 0.435681 0.025980 0.039598