0 0.429835 0.193836 0.024240 0.039872
0 0.359080 0.219019 0.021619 0.044069
0 0.449161 0.390574 0.026205 0.053513
0 0.460299 0.332340 0.023585 0.044069
0 0.571344 0.390049 0.021619 0.041971
0 0.553983 0.429922 0.024895 0.041971
0 0.607049 0.390574 0.022275 0.034626
0 0.580189 0.204329 0.023585 0.044069
0 0.640461 0.388475 0.024895 0.038823
0 0.719078 0.426249 0.024895 0.036724
0 0.748231 0.302436 0.018999 0.043020
0 0.768868 0.290894 0.019654 0.038823
0 0.692872 0.528448 0.027516 0.043020
0 0.737749 0.589305 0.017689 0.028330
0 0.661098 0.625505 0.025550 0.037774
0 0.598532 0.618685 0.024895 0.045118
0 0.528760 0.667476 0.028171 0.035675
0 0.417060 0.530022 0.023585 0.039872
0 0.468488 0.489625 0.024240 0.040921
0 0.394130 0.669259 0.026205 0.047217
0 0.349908 0.646176 0.024240 0.049316
0 0.343357 0.728018 0.025550 0.045118
0 0.453747 0.884359 0.027516 0.045118
0 0.529088 0.854455 0.024895 0.039872
0 0.516968 0.780482 0.025550 0.047217
0 0.587068 0.760336 0.025550 0.038403
0 0.637513 0.793073 0.020309 0.038823
0 0.726612 0.778908 0.030791 0.039872
0 0.698113 0.899154 0.023585 0.037774
0 0.684028 0.926959 0.021619 0.040921
0 0.635548 0.944272 0.024240 0.048266
0 0.524502 0.941125 0.026205 0.046168
0 0.415422 0.954765 0.029481 0.046168
0 0.279809 0.901777 0.033412 0.057710
0 0.124279 0.910696 0.032102 0.062956
0 0.224515 0.896531 0.030791 0.051414
0 0.235653 0.626869 0.033412 0.061907
0 0.420073 0.653206 0.027516 0.052463
0 0.220584 0.314502 0.034722 0.054562
0 0.824817 0.786148 0.031447 0.045118
0 0.940448 0.788771 0.026861 0.046168
0 0.927018 0.688041 0.024895 0.041971
0 0.891640 0.956654 0.022275 0.033577
0 0.851022 0.356263 0.022275 0.039872
0 0.131707 0.770859 0.034640 0.064923