1 0.818042 0.365904 0.041274 0.139762
1 0.650590 0.353627 0.102594 0.069881
1 0.626415 0.252583 0.025943 0.158649
0 0.621698 0.313021 0.025943 0.037774
0 0.690684 0.368737 0.022406 0.039662
0 0.829835 0.313021 0.015330 0.041551
0 0.359080 0.297189 0.025550 0.057710
0 0.442282 0.186492 0.029481 0.046168
0 0.498297 0.336012 0.028826 0.059808
0 0.543829 0.147144 0.028171 0.051414
0 0.632927 0.442513 0.026861 0.039872
0 0.566103 0.510715 0.028171 0.044069
0 0.459971 0.472417 0.025550 0.047217
0 0.259827 0.275155 0.026205 0.053513
0 0.277188 0.453005 0.026861 0.052463
0 0.323048 0.537996 0.021619 0.046168
0 0.291274 0.537996 0.026205 0.046168
0 0.243121 0.561605 0.032102 0.053513
0 0.399371 0.822033 0.028826 0.061907
0 0.427214 0.738616 0.025550 0.054562
0 0.435731 0.668315 0.025550 0.054562
0 0.384303 0.892334 0.028826 0.061907
0 0.309945 0.966307 0.025550 0.062956
0 0.344340 0.971029 0.027516 0.053513
0 0.326651 0.667790 0.024895 0.043020
0 0.483229 0.668315 0.027516 0.054562
0 0.499934 0.787407 0.025550 0.047217
0 0.508451 0.638936 0.021619 0.054562
0 0.576913 0.712384 0.020964 0.041971
0 0.690907 0.905449 0.027516 0.041971
0 0.749214 0.801047 0.028826 0.045118
0 0.743973 0.692973 0.028826 0.040921
0 0.526140 0.549118 0.028171 0.039872
0 0.162932 0.646805 0.028171 0.047217
0 0.172104 0.693497 0.029481 0.048266
0 0.222550 0.715532 0.030791 0.048266
0 0.331958 0.823082 0.028171 0.047217
0 0.376507 0.480601 0.026861 0.043020
0 0.329992 0.338950 0.024240 0.049316
0 0.701323 0.767471 0.024240 0.047217
0 0.850039 0.903876 0.033412 0.045118
0 0.846436 0.779537 0.026205 0.039872
0 0.917518 0.821508 0.025550 0.041971
0 0.848401 0.624246 0.026205 0.044069
0 0.797956 0.599063 0.022275 0.046168
0 0.747838 0.548699 0.024240 0.037774
0 0.643344 0.529812 0.027516 0.037774
0 0.928656 0.965258 0.029481 0.048266
0 0.738666 0.424885 0.025550 0.039872
0 0.675773 0.131090 0.021619 0.046168
0 0.637448 0.167815 0.020964 0.035675
0 0.555228 0.212408 0.034722 0.047217
0 0.729494 0.302121 0.020309 0.044069
0 0.750131 0.202965 0.020964 0.036724
0 0.792387 0.258052 0.025550 0.046168
0 0.883124 0.213982 0.020964 0.046168
0 0.946344 0.338845 0.028171 0.048266
0 0.594864 0.436322 0.022275 0.040921
0 0.857901 0.708187 0.020309 0.041971