1 0.436473 0.503253 0.068198 0.133562
0 0.460829 0.452312 0.020784 0.033390
0 0.029948 0.112586 0.028578 0.045377
0 0.068269 0.274401 0.027279 0.043664
0 0.031572 0.340325 0.029228 0.040240
0 0.135492 0.341610 0.027929 0.041096
0 0.211484 0.431507 0.027929 0.037671
0 0.204015 0.113870 0.029877 0.049658
0 0.131920 0.140411 0.031176 0.044521
0 0.283579 0.197774 0.026630 0.041096
0 0.231294 0.309247 0.022083 0.041096
0 0.281956 0.434247 0.024681 0.046233
0 0.079635 0.732277 0.030527 0.036815
0 0.015299 0.776113 0.030598 0.048801
0 0.090352 0.869863 0.031176 0.042808
0 0.242336 0.813356 0.024681 0.039384
0 0.272213 0.980736 0.027279 0.031678
0 0.321575 0.944349 0.027279 0.039384
0 0.366066 0.901113 0.024032 0.029966
0 0.251429 0.770976 0.028578 0.040240
0 0.326447 0.776113 0.025331 0.036815
0 0.250455 0.540925 0.024032 0.039384
0 0.194273 0.680137 0.025980 0.037671
0 0.455698 0.955051 0.024032 0.040240
0 0.410233 0.843750 0.016238 0.031678
0 0.478755 0.842894 0.018186 0.031678
0 0.359896 0.344349 0.024681 0.044521
0 0.392696 0.249315 0.024032 0.041096
0 0.164071 0.229880 0.018836 0.040240
0 0.198494 0.340325 0.022733 0.047089
0 0.372886 0.520291 0.027279 0.038527
0 0.321900 0.477055 0.027929 0.042808
0 0.390748 0.697346 0.024032 0.035103
0 0.510256 0.969606 0.022733 0.031678
0 0.502332 0.835616 0.025331 0.035959
0 0.582871 0.938784 0.021434 0.029966
0 0.643599 0.815925 0.027279 0.035959
0 0.671528 0.735873 0.025980 0.035103
0 0.665358 0.787671 0.020135 0.032534
0 0.716993 0.887842 0.020784 0.037671
0 0.752067 0.833476 0.022083 0.028253
0 0.846245 0.906678 0.024681 0.034247
0 0.896256 0.939640 0.024681 0.036815
0 0.935227 0.920805 0.022083 0.038527
0 0.931979 0.851884 0.020784 0.034247
0 0.691338 0.706250 0.025331 0.035103
0 0.619893 0.636901 0.022733 0.033390
0 0.566958 0.612072 0.020784 0.031678
0 0.470831 0.384247 0.024681 0.037671
0 0.452970 0.186644 0.020135 0.039384
0 0.464336 0.150685 0.024681 0.042808
0 0.541303 0.165240 0.022733 0.039384
0 0.595211 0.083476 0.025331 0.041952
0 0.564360 0.185788 0.022083 0.035959
0 0.515647 0.288099 0.024681 0.036815
0 0.564035 0.371575 0.025331 0.049658
0 0.578324 0.283390 0.022733 0.041096
0 0.651069 0.276541 0.024032 0.039384
0 0.602681 0.415753 0.025980 0.044521
0 0.638403 0.602911 0.022083 0.037671
0 0.590990 0.501027 0.019485 0.042808
0 0.669904 0.448801 0.025331 0.042808
0 0.693286 0.537414 0.026630 0.038527
0 0.719916 0.596918 0.029228 0.047945
0 0.747195 0.423116 0.024032 0.044521
0 0.537081 0.640154 0.024681 0.041952
0 0.490641 0.538271 0.024032 0.033390
0 0.784217 0.644264 0.026630 0.041952
0 0.759861 0.721318 0.025980 0.041952
0 0.838451 0.651969 0.019485 0.033390
0 0.870601 0.749572 0.026630 0.041952
0 0.924510 0.761986 0.022733 0.039384
0 0.813120 0.550771 0.025980 0.040240
0 0.893983 0.555479 0.025331 0.034247
0 0.758886 0.355308 0.025331 0.042808
0 0.820265 0.280394 0.022083 0.038527
0 0.726411 0.146832 0.021434 0.040240
0 0.749793 0.140839 0.022733 0.036815
0 0.770253 0.154538 0.023382 0.029966
0 0.817667 0.103168 0.023382 0.029966
0 0.912819 0.089897 0.025331 0.044521
0 0.945294 0.151969 0.025331 0.041952
0 0.918989 0.291524 0.028578 0.040240
0 0.846245 0.343322 0.025980 0.037671
0 0.945749 0.425514 0.023382 0.035959
0 0.851571 0.593493 0.018186 0.037671
0 0.981471 0.910103 0.020784 0.029110
0 0.818771 0.975171 0.026630 0.034247
0 0.652173 0.666952 0.024681 0.034247
0 0.753820 0.093322 0.022733 0.037671
0 0.705924 0.096624 0.026599 0.044847
0 0.429977 0.271445 0.024743 0.038324
0 0.281519 0.844423 0.025980 0.034247
0 0.141338 0.472603 0.031826 0.051370
0 0.403413 0.525942 0.028578 0.041952
0 0.294776 0.083476 0.025980 0.044235