0 0.364649 0.216920 0.031447 0.048266
0 0.440645 0.252071 0.027516 0.043020
0 0.441300 0.165506 0.032757 0.056660
0 0.386596 0.039069 0.029481 0.045118
0 0.341064 0.426249 0.031447 0.055611
0 0.259827 0.608297 0.031447 0.048266
0 0.273585 0.548489 0.032757 0.056660
0 0.415094 0.686153 0.030136 0.048266
0 0.412146 0.602736 0.030791 0.059808
0 0.376769 0.775550 0.029481 0.048266
0 0.215343 0.609031 0.030791 0.053513
0 0.150485 0.566536 0.030791 0.052463
0 0.153105 0.609031 0.034722 0.047217
0 0.163915 0.721828 0.031447 0.050365
0 0.154088 0.901252 0.027516 0.050365
0 0.342767 0.947420 0.030136 0.041971
0 0.355870 0.870824 0.030136 0.056660
0 0.414505 0.969979 0.029481 0.057710
0 0.304442 0.720778 0.032102 0.058759
0 0.497052 0.977907 0.037343 0.044186
0 0.493121 0.802621 0.029481 0.048266
0 0.528171 0.714483 0.031447 0.054562
0 0.433176 0.025043 0.036688 0.050086
0 0.502621 0.331185 0.024895 0.051414
0 0.293632 0.398968 0.027516 0.049316
0 0.269064 0.906499 0.029481 0.056660
0 0.113797 0.849314 0.029481 0.053513
0 0.576192 0.871348 0.025550 0.055611
0 0.770440 0.781636 0.027516 0.046168
0 0.747183 0.704515 0.029481 0.040921
0 0.642361 0.656773 0.022930 0.037774
0 0.657757 0.564333 0.024895 0.047217
0 0.616156 0.424255 0.028171 0.041971
0 0.549004 0.598959 0.026205 0.053513
0 0.447131 0.084293 0.024240 0.048266
0 0.483818 0.193941 0.025550 0.047217
0 0.685600 0.244306 0.032102 0.049316
0 0.687893 0.105803 0.024895 0.038823
0 0.576192 0.033403 0.026861 0.045118
0 0.625000 0.267390 0.027516 0.045118
0 0.729167 0.384908 0.028826 0.038823
0 0.792715 0.433174 0.026205 0.043020
0 0.684290 0.399598 0.033412 0.038823
0 0.745545 0.527608 0.031447 0.036724
0 0.670860 0.517116 0.024895 0.036724
0 0.612225 0.638936 0.025550 0.039872
0 0.682980 0.805244 0.029481 0.040921
0 0.817282 0.669889 0.030791 0.043020
0 0.924725 0.852461 0.026861 0.043020
0 0.415684 0.340734 0.025550 0.050365
0 0.757338 0.260990 0.027516 0.048266
0 0.770440 0.131930 0.027516 0.046168
0 0.778629 0.068449 0.022930 0.043020
0 0.810404 0.068974 0.023585 0.041971
0 0.850694 0.205378 0.029481 0.050365
0 0.839557 0.442828 0.024240 0.038823
0 0.862814 0.453320 0.020964 0.038823
0 0.833988 0.496865 0.026205 0.037774
0 0.920466 0.562444 0.023585 0.040921
0 0.877227 0.392987 0.030136 0.044069
0 0.824161 0.224265 0.026205 0.046168
0 0.831695 0.928009 0.028171 0.045118
0 0.976153 0.149243 0.022275 0.036724
0 0.973532 0.720778 0.028826 0.041971