0 0.192043 0.082287 0.027424 0.037100
0 0.107247 0.402873 0.032475 0.046613
0 0.158846 0.303463 0.038970 0.045662
0 0.240034 0.428558 0.031032 0.042808
0 0.264571 0.459475 0.023815 0.038052
0 0.291634 0.392409 0.028867 0.039003
0 0.271788 0.347222 0.026702 0.041857
0 0.264210 0.203577 0.028867 0.045662
0 0.347924 0.149353 0.024537 0.043760
0 0.350089 0.400495 0.023093 0.039954
0 0.051678 0.703862 0.029589 0.042808
0 0.238952 0.585426 0.028867 0.045662
0 0.130340 0.781678 0.026702 0.044711
0 0.384729 0.802607 0.025980 0.035198
0 0.417565 0.906298 0.023815 0.033295
0 0.463752 0.865392 0.026702 0.039003
0 0.307511 0.919140 0.027424 0.038052
0 0.407101 0.752188 0.024537 0.033295
0 0.252664 0.758847 0.027424 0.039003
0 0.540610 0.762177 0.025980 0.036149
0 0.361997 0.572013 0.026702 0.042808
0 0.396276 0.384608 0.025980 0.040906
0 0.447515 0.523973 0.024537 0.041857
0 0.375709 0.478786 0.026702 0.039003
0 0.495506 0.616153 0.029589 0.040906
0 0.478547 0.506374 0.031754 0.048516
0 0.565147 0.503995 0.023093 0.039954
0 0.408905 0.155537 0.023815 0.040906
0 0.407101 0.034247 0.027424 0.043760
0 0.459422 0.108923 0.025258 0.037100
0 0.434164 0.256374 0.025258 0.044711
0 0.451845 0.351313 0.024537 0.040906
0 0.303902 0.763413 0.025980 0.040906
0 0.331326 0.700152 0.028867 0.038052
0 0.327717 0.925323 0.024537 0.039003
0 0.602097 0.917237 0.025980 0.034247
0 0.693027 0.964326 0.031754 0.040906
0 0.604983 0.681792 0.028867 0.037100
0 0.627355 0.612823 0.027424 0.039954
0 0.797670 0.931983 0.027424 0.040906
0 0.857208 0.942922 0.023815 0.036149
0 0.752204 0.629661 0.031754 0.040906
0 0.706017 0.605879 0.027424 0.037100
0 0.593076 0.460807 0.031032 0.043760
0 0.497094 0.290145 0.026702 0.038052
0 0.530291 0.288242 0.025258 0.045662
0 0.530291 0.170757 0.023815 0.037100
0 0.630242 0.190734 0.027424 0.033295
0 0.669212 0.198820 0.030310 0.041857
0 0.777463 0.054224 0.024537 0.038052
0 0.771689 0.240677 0.028867 0.041857
0 0.810299 0.334855 0.025258 0.041857
0 0.855403 0.282534 0.025980 0.039954
0 0.720812 0.355308 0.028145 0.044711
0 0.692306 0.396689 0.030310 0.045662
0 0.748235 0.472793 0.026702 0.043760
0 0.609025 0.273973 0.030310 0.043760
0 0.813619 0.209951 0.029589 0.044711
0 0.922858 0.746575 0.024743 0.039139
0 0.922549 0.855838 0.029073 0.042401
0 0.953478 0.608611 0.022887 0.034247
0 0.964612 0.438030 0.025362 0.039139
0 0.663984 0.473255 0.029073 0.040770
0 0.812442 0.704582 0.025362 0.031800
0 0.343647 0.797682 0.021983 0.028978