0 0.378096 0.297154 0.026533 0.047217
0 0.271595 0.303647 0.031692 0.057841
0 0.475383 0.139568 0.026533 0.050758
0 0.446639 0.079956 0.026533 0.049578
0 0.605837 0.223968 0.025059 0.049578
0 0.654850 0.243445 0.024322 0.050758
0 0.638267 0.120681 0.020637 0.046037
0 0.541347 0.229870 0.025796 0.049578
0 0.585200 0.328436 0.025059 0.041315
0 0.558299 0.302466 0.025796 0.046037
0 0.553877 0.346142 0.025796 0.041315
0 0.518499 0.380374 0.025796 0.050758
0 0.451798 0.401622 0.026533 0.046037
0 0.420843 0.459463 0.026533 0.043676
0 0.357459 0.481891 0.029481 0.048397
0 0.276386 0.470087 0.029481 0.053119
0 0.174307 0.455922 0.033166 0.055480
0 0.613576 0.512936 0.025796 0.042495
0 0.656324 0.388401 0.030218 0.046037
0 0.405366 0.640304 0.030955 0.036593
0 0.475383 0.602531 0.032429 0.053119
0 0.400943 0.714671 0.029481 0.046037
0 0.343824 0.740050 0.028744 0.051939
0 0.291495 0.717622 0.034640 0.040134
0 0.201209 0.628500 0.032429 0.055480
0 0.208210 0.848177 0.031692 0.061382
0 0.303656 0.970125 0.036851 0.059750
0 0.348246 0.883590 0.033166 0.054300
0 0.154923 0.648095 0.038325 0.067284
0 0.460790 0.898345 0.035377 0.057841
0 0.473688 0.857621 0.031692 0.051939
0 0.512382 0.774991 0.025059 0.047217
0 0.492482 0.816306 0.032429 0.049578
0 0.528965 0.710658 0.024322 0.046037
0 0.565817 0.698853 0.025796 0.046037
0 0.605248 0.700034 0.033903 0.057841
0 0.579083 0.494994 0.031692 0.059021
0 0.455631 0.258200 0.023585 0.040134
0 0.244915 0.675127 0.033166 0.056660
0 0.696050 0.236363 0.023585 0.055480
0 0.719266 0.085858 0.022848 0.044856
0 0.758697 0.050445 0.023585 0.047217
0 0.917895 0.247577 0.023585 0.051939
0 0.916052 0.435500 0.030218 0.059021
0 0.982754 0.581873 0.025059 0.044856
0 0.936321 0.673946 0.029481 0.037774
0 0.941848 0.715851 0.031692 0.043676
0 0.892836 0.717622 0.032429 0.044856
0 0.728110 0.482717 0.027270 0.051939
0 0.798865 0.429598 0.025796 0.042495
0 0.823924 0.512818 0.024322 0.038954
0 0.853037 0.271775 0.023585 0.041315
0 0.805130 0.732495 0.023585 0.042495
0 0.747642 0.779122 0.025059 0.043676
0 0.671728 0.756694 0.026533 0.043676
0 0.850088 0.950284 0.029481 0.041315
0 0.980911 0.852899 0.027270 0.042495
0 0.617556 0.411420 0.024322 0.044856