0 0.319222 0.591601 0.029481 0.062326
0 0.362854 0.569881 0.034198 0.060438
0 0.278538 0.606710 0.033019 0.062326
0 0.235495 0.596323 0.031840 0.060438
0 0.210142 0.705866 0.028302 0.067993
0 0.118160 0.960838 0.035377 0.056660
0 0.285613 0.734196 0.037736 0.067993
0 0.412972 0.807855 0.033019 0.060438
0 0.246109 0.312076 0.024764 0.050994
0 0.247288 0.397067 0.029481 0.058549
0 0.243160 0.460338 0.028302 0.060438
0 0.287972 0.346072 0.025943 0.058549
0 0.376415 0.327186 0.025943 0.054772
0 0.368750 0.464115 0.029481 0.056660
0 0.389976 0.203477 0.031840 0.045328
0 0.445886 0.542403 0.026205 0.048266
0 0.476677 0.546075 0.026205 0.045118
0 0.522864 0.550797 0.032102 0.050365
0 0.305883 0.191738 0.022930 0.048266
0 0.374017 0.410510 0.029481 0.051414
0 0.415946 0.052710 0.025550 0.051414
0 0.457875 0.257317 0.026861 0.053513
0 0.257731 0.898629 0.028826 0.066104
0 0.491614 0.866627 0.031447 0.054562
0 0.547956 0.788456 0.028826 0.051414
0 0.627555 0.860856 0.026861 0.057710
0 0.644261 0.949519 0.023585 0.044069
0 0.684552 0.835149 0.024240 0.048266
0 0.731722 0.843018 0.026861 0.049316
0 0.766444 0.839346 0.026861 0.052463
0 0.680621 0.443877 0.025550 0.053513
0 0.581368 0.363608 0.023585 0.054562
0 0.601350 0.542508 0.021619 0.043020
0 0.580058 0.031200 0.023585 0.048266
0 0.529612 0.039069 0.027516 0.049316
0 0.666863 0.127208 0.025550 0.047217
0 0.730084 0.386377 0.024895 0.043020
0 0.754979 0.431495 0.019654 0.043020
0 0.762841 0.324470 0.024895 0.045118
0 0.599057 0.598224 0.027516 0.041971
0 0.761530 0.611340 0.022275 0.045118
0 0.123690 0.865577 0.030136 0.054562
0 0.622707 0.191213 0.030791 0.051414
0 0.773061 0.290894 0.024895 0.045118
0 0.809748 0.277778 0.024895 0.039872
0 0.808766 0.336537 0.020309 0.041971
0 0.738666 0.086286 0.021619 0.045118
0 0.818593 0.145045 0.026861 0.038823
0 0.795335 0.196460 0.024895 0.049316
0 0.849712 0.520683 0.023585 0.049316
0 0.811386 0.530127 0.022930 0.051414
0 0.783215 0.586262 0.026861 0.046168
0 0.722615 0.460875 0.022275 0.043020
0 0.962395 0.543242 0.022275 0.037774
0 0.948310 0.575770 0.021619 0.044069
0 0.888365 0.615012 0.024895 0.046168
0 0.874279 0.631801 0.022930 0.046168
0 0.948965 0.805454 0.029481 0.043020
0 0.898192 0.758237 0.024895 0.038823
0 0.876900 0.823292 0.029481 0.051414
0 0.819575 0.819095 0.020964 0.049316
0 0.793370 0.842703 0.026205 0.050365
0 0.858556 0.939551 0.021619 0.045118
0 0.908674 0.941125 0.027516 0.037774
0 0.961085 0.723611 0.026205 0.045118
0 0.983360 0.691819 0.022275 0.044069
0 0.446344 0.599239 0.027516 0.047217
0 0.168730 0.825566 0.026533 0.050365
0 0.741647 0.895605 0.026533 0.048791
0 0.664505 0.547773 0.027516 0.055087