0 0.460937 0.124222 0.026533 0.050758
0 0.427403 0.180883 0.028744 0.057841
0 0.483785 0.335518 0.029481 0.048397
0 0.448777 0.316631 0.036114 0.048397
0 0.549381 0.405163 0.029481 0.041315
0 0.567070 0.353225 0.029481 0.050758
0 0.564490 0.264103 0.025796 0.054300
0 0.627874 0.241084 0.025796 0.048397
0 0.586601 0.224558 0.025796 0.046037
0 0.623084 0.159635 0.023585 0.046037
0 0.667305 0.157274 0.028007 0.041315
0 0.709316 0.239904 0.028007 0.053119
0 0.737323 0.336699 0.022111 0.041315
0 0.698629 0.360307 0.027270 0.041315
0 0.682415 0.046904 0.022848 0.037774
0 0.580336 0.583998 0.025059 0.033052
0 0.478626 0.448839 0.029481 0.041315
0 0.539062 0.553307 0.028007 0.037774
0 0.418558 0.488974 0.027270 0.043676
0 0.383181 0.474809 0.030218 0.043676
0 0.661409 0.601704 0.023585 0.042495
0 0.734375 0.623542 0.025059 0.036593
0 0.495209 0.654233 0.028744 0.043676
0 0.488208 0.599934 0.025059 0.043676
0 0.471624 0.748077 0.025796 0.049578
0 0.579968 0.764367 0.027270 0.051939
0 0.637087 0.795648 0.025059 0.041315
0 0.595445 0.955006 0.025796 0.046037
0 0.383550 0.847587 0.025059 0.041315
0 0.378759 0.804501 0.036114 0.049578
0 0.421138 0.785615 0.032429 0.056660
0 0.737692 0.851128 0.028744 0.036593
0 0.865566 0.890082 0.030955 0.041315
0 0.750590 0.779712 0.030955 0.054300
0 0.836085 0.341420 0.029481 0.046037
0 0.704157 0.487793 0.026533 0.048397
0 0.652196 0.417558 0.028744 0.051939
0 0.678361 0.576325 0.026533 0.048397
0 0.966170 0.829881 0.025796 0.043676
0 0.168706 0.646915 0.030218 0.064923
0 0.141436 0.694132 0.031692 0.064923
0 0.198924 0.876507 0.030218 0.056660
0 0.131117 0.895394 0.036114 0.063743
0 0.054466 0.905428 0.028744 0.057841
0 0.183815 0.958547 0.035377 0.055480
0 0.286999 0.873556 0.038325 0.053119
0 0.313900 0.911330 0.036114 0.048397
0 0.460200 0.912510 0.029481 0.053119
0 0.247936 0.687875 0.030955 0.061382
0 0.297686 0.596983 0.031692 0.054300
0 0.298054 0.516714 0.026533 0.051939
0 0.314637 0.483072 0.031692 0.057841
0 0.354068 0.514353 0.032429 0.049578
0 0.223983 0.582817 0.031692 0.061382
0 0.322376 0.252889 0.029481 0.060202
0 0.360702 0.269414 0.030955 0.057841
0 0.259360 0.500424 0.031692 0.059021
0 0.277049 0.256666 0.028744 0.053119
0 0.536483 0.066971 0.030218 0.054300
0 0.945534 0.401032 0.025796 0.047217
0 0.905366 0.079956 0.025059 0.047217
0 0.773069 0.028017 0.019900 0.049578
0 0.672833 0.776879 0.027270 0.047217
0 0.816554 0.395602 0.021374 0.040134
0 0.944060 0.475871 0.018426 0.044856
0 0.873305 0.659427 0.024322 0.043676
0 0.820239 0.243445 0.022848 0.048397
0 0.747273 0.091760 0.019900 0.047217
0 0.963959 0.326665 0.021374 0.037774
0 0.606501 0.859981 0.024322 0.042495
0 0.350986 0.903536 0.030017 0.039491
0 0.839837 0.708659 0.030017 0.044642