0 0.145283 0.644284 0.040094 0.075472
0 0.028538 0.736404 0.042453 0.073252
0 0.043868 0.365705 0.044811 0.059933
0 0.225472 0.587680 0.037736 0.068812
0 0.178892 0.876249 0.045991 0.064373
0 0.363443 0.942841 0.040094 0.068812
0 0.426533 0.597669 0.041274 0.088790
0 0.606958 0.524417 0.038915 0.088790
0 0.162972 0.412320 0.044811 0.068812
0 0.257901 0.405660 0.043632 0.095450
0 0.675943 0.195893 0.040094 0.088790
0 0.733726 0.101554 0.037736 0.086570
0 0.479599 0.821865 0.043632 0.088790
0 0.310967 0.627636 0.041274 0.073252
0 0.862264 0.525527 0.035377 0.073252
0 0.942453 0.466704 0.035377 0.079911
0 0.878774 0.331299 0.030660 0.084351
0 0.569222 0.256937 0.036557 0.099889
0 0.843396 0.746393 0.035377 0.084351
0 0.904717 0.728635 0.035377 0.071032
0 0.563915 0.647614 0.037736 0.086570
0 0.146462 0.244728 0.042453 0.079911