0 0.365802 0.447836 0.042453 0.091010
0 0.269693 0.473363 0.038915 0.075472
0 0.231368 0.452275 0.042453 0.077691
0 0.302123 0.213651 0.033019 0.057714
0 0.064505 0.577691 0.041274 0.057714
0 0.139387 0.204772 0.037736 0.062153
0 0.075118 0.890677 0.050708 0.057714
0 0.016038 0.949501 0.032075 0.073252
0 0.256132 0.840733 0.035377 0.077691
0 0.349882 0.900666 0.034198 0.077691
0 0.463679 0.779689 0.037736 0.093230
0 0.550354 0.676471 0.034198 0.082131
0 0.614623 0.442286 0.040094 0.097669
0 0.725472 0.070477 0.030660 0.073252
0 0.730778 0.594340 0.041274 0.095450
0 0.654717 0.495560 0.044811 0.093230
0 0.791509 0.594340 0.037736 0.086570
0 0.065094 0.488901 0.049528 0.084351
0 0.826297 0.086016 0.041274 0.104329
0 0.980071 0.468923 0.039858 0.075472
0 0.277948 0.759711 0.043632 0.079911
0 0.750236 0.639845 0.044811 0.088790
0 0.560967 0.952830 0.041274 0.075472