0 0.611660 0.244457 0.028744 0.052145
0 0.759065 0.240005 0.030218 0.053417
0 0.476415 0.411703 0.039800 0.058504
0 0.448408 0.267350 0.030955 0.067407
0 0.439195 0.168783 0.033166 0.058504
0 0.629348 0.075303 0.034640 0.069951
0 0.634508 0.333104 0.036114 0.068679
0 0.638561 0.687946 0.030955 0.055961
0 0.601341 0.597009 0.036114 0.072495
0 0.450619 0.738056 0.045696 0.055961
0 0.542011 0.097560 0.032429 0.076310
0 0.250147 0.511542 0.030955 0.049602
0 0.333800 0.454946 0.039062 0.055961
0 0.393499 0.463848 0.040537 0.055961
0 0.371020 0.341116 0.038325 0.052145
0 0.184183 0.432052 0.034640 0.053417
0 0.240935 0.659202 0.036114 0.050873
0 0.290315 0.861424 0.039062 0.063592
0 0.050634 0.703080 0.033166 0.044514
0 0.134655 0.808643 0.039062 0.057233
0 0.017025 0.334757 0.034050 0.054689