0 0.537550 0.077984 0.019240 0.043227
0 0.505896 0.061043 0.020482 0.037385
0 0.753538 0.261990 0.027929 0.037385
0 0.723126 0.388165 0.019240 0.037385
0 0.915839 0.330335 0.026068 0.040890
0 0.796984 0.509668 0.019240 0.042059
0 0.891013 0.564577 0.018620 0.035049
0 0.986594 0.708861 0.023585 0.043227
0 0.646475 0.286524 0.018620 0.037385
0 0.953078 0.164437 0.021102 0.038554
0 0.385241 0.774636 0.022964 0.042059
0 0.499441 0.899644 0.022964 0.046732
0 0.441720 0.505929 0.022964 0.039722
0 0.376241 0.533968 0.022344 0.046732
0 0.338381 0.964484 0.018620 0.045563
0 0.429307 0.963316 0.030412 0.047900
0 0.510303 0.722647 0.029791 0.047900
0 0.479580 0.668906 0.022964 0.031544
0 0.365690 0.408610 0.023585 0.043227
0 0.380586 0.451253 0.026068 0.039722
0 0.289350 0.377651 0.019861 0.042059
0 0.318831 0.127636 0.030412 0.042059
0 0.267937 0.149834 0.019240 0.037385
0 0.609918 0.062796 0.020482 0.036217
0 0.048225 0.649045 0.019240 0.024534
0 0.118049 0.650213 0.019861 0.038554
0 0.192217 0.545651 0.020482 0.035049
0 0.211457 0.559671 0.022964 0.032712
0 0.268247 0.654886 0.023585 0.036217
0 0.033329 0.823705 0.025447 0.037385
0 0.089499 0.697529 0.018620 0.044395
0 0.134186 0.864011 0.022344 0.040890
0 0.264213 0.884456 0.024206 0.037385
0 0.187252 0.371575 0.025447 0.037385
0 0.057845 0.437584 0.023585 0.036217
0 0.013779 0.288860 0.024826 0.042059
0 0.370035 0.027163 0.022344 0.039722
0 0.103153 0.153338 0.021102 0.035049
0 0.152495 0.447047 0.021723 0.039722