0 0.520362 0.077610 0.030660 0.061048
0 0.483019 0.269572 0.031447 0.059691
0 0.600157 0.147476 0.028302 0.051552
0 0.565959 0.366571 0.027516 0.069188
0 0.396934 0.332655 0.032233 0.055622
0 0.840330 0.195636 0.032233 0.069188
0 0.543947 0.568436 0.035377 0.050195
0 0.723192 0.535470 0.024371 0.070544
0 0.674843 0.221412 0.033019 0.071901
0 0.787657 0.347578 0.038522 0.077328
0 0.538836 0.215985 0.028302 0.058335
0 0.547091 0.609135 0.032233 0.052908
0 0.541195 0.495179 0.026730 0.063761
0 0.630425 0.721735 0.030660 0.055622
0 0.532547 0.748189 0.029874 0.059691
0 0.420912 0.805167 0.029874 0.054265
0 0.391038 0.786174 0.028302 0.051552
0 0.361164 0.740049 0.033019 0.056978
0 0.328538 0.595569 0.030660 0.061048
0 0.416981 0.503590 0.033019 0.058335
0 0.125393 0.097959 0.027516 0.042055
0 0.092374 0.250579 0.027516 0.043412
0 0.135220 0.306879 0.029874 0.036629
0 0.248821 0.255327 0.033805 0.052908
0 0.329403 0.236335 0.031447 0.055622
0 0.317610 0.066078 0.031447 0.056978
0 0.209119 0.349477 0.029874 0.044769
0 0.197327 0.389498 0.036164 0.037985
0 0.255503 0.361008 0.028302 0.059691
0 0.110456 0.425448 0.033805 0.036629
0 0.126965 0.557041 0.030660 0.039342
0 0.110063 0.592991 0.033019 0.040699
0 0.185142 0.610627 0.032233 0.046125
0 0.276730 0.523803 0.031447 0.048838
0 0.312500 0.559754 0.029088 0.050195
0 0.152123 0.788209 0.029088 0.042055
0 0.064465 0.769895 0.031447 0.037985
0 0.129324 0.874355 0.027516 0.040699
0 0.033805 0.921837 0.031447 0.037985
0 0.253538 0.932690 0.029088 0.048838
0 0.164741 0.225284 0.031840 0.056978