0 0.815308 0.066857 0.024146 0.042281
0 0.733322 0.143491 0.024146 0.039110
0 0.818396 0.195286 0.022462 0.049680
0 0.937725 0.169917 0.017408 0.041224
0 0.655267 0.167274 0.021900 0.046509
0 0.573282 0.496644 0.023023 0.033825
0 0.855177 0.923260 0.018531 0.044395
0 0.943340 0.400877 0.025270 0.040167
0 0.681941 0.266106 0.023585 0.041224
0 0.624944 0.723376 0.019654 0.051794
0 0.479111 0.705512 0.021339 0.038053
0 0.595070 0.715026 0.020777 0.038053
0 0.439241 0.955499 0.020216 0.039110
0 0.417060 0.981185 0.025270 0.037630
0 0.363994 0.848211 0.021339 0.035939
0 0.396844 0.724010 0.017408 0.043338
0 0.425764 0.647376 0.022462 0.035939
0 0.419025 0.605095 0.024708 0.042281
0 0.528246 0.349929 0.024146 0.035939
0 0.096305 0.735109 0.017408 0.038053
0 0.164814 0.775805 0.021900 0.034882
0 0.211983 0.772105 0.024146 0.035939
0 0.166498 0.889964 0.020777 0.039110
0 0.080863 0.621479 0.021339 0.036996
0 0.156110 0.517996 0.021339 0.035939
0 0.156110 0.355742 0.021339 0.032768
0 0.063174 0.333545 0.024146 0.032768
0 0.082547 0.294435 0.019093 0.030654
0 0.088443 0.260610 0.020777 0.030654
0 0.345350 0.634269 0.017969 0.029597
0 0.270384 0.762169 0.018531 0.040167
0 0.324573 0.832356 0.023585 0.042281
0 0.343947 0.435548 0.016285 0.031711
0 0.037652 0.403916 0.022743 0.039638
0 0.038915 0.710718 0.020216 0.053908