0 0.508785 0.273402 0.024175 0.065118
0 0.459257 0.314100 0.026533 0.065118
0 0.646167 0.388884 0.031250 0.060031
0 0.816568 0.043454 0.033608 0.040699
0 0.591333 0.614864 0.035967 0.056978
0 0.567748 0.449525 0.026533 0.047821
0 0.616981 0.139096 0.029481 0.056978
0 0.497220 0.190714 0.021058 0.053780
0 0.355711 0.235047 0.024427 0.058141
0 0.342655 0.454529 0.028639 0.049420
0 0.432783 0.617324 0.030323 0.046513
0 0.745283 0.265135 0.032008 0.059595
0 0.547759 0.752066 0.024427 0.045059
0 0.371294 0.913407 0.032008 0.042152
0 0.388982 0.556567 0.030323 0.049420
0 0.291695 0.247402 0.027796 0.050873
0 0.319912 0.155103 0.026954 0.049420
0 0.386877 0.073705 0.026112 0.055234
0 0.247473 0.456709 0.023585 0.053780
0 0.661894 0.036640 0.030323 0.047966
0 0.149764 0.659202 0.030955 0.050873
0 0.223836 0.679552 0.036114 0.058504
0 0.236365 0.803555 0.025796 0.039427
0 0.068691 0.869691 0.032429 0.047058
0 0.012972 0.862060 0.025943 0.052145
0 0.414357 0.813094 0.029481 0.045786
0 0.100015 0.537106 0.037588 0.045786
0 0.119177 0.467155 0.034640 0.048330
0 0.236733 0.192312 0.038325 0.072495
0 0.078641 0.298510 0.025796 0.055961
0 0.064269 0.626262 0.033903 0.047058
0 0.049646 0.937503 0.030660 0.037646
0 0.306722 0.854579 0.025943 0.044769
0 0.675649 0.653630 0.028892 0.060031
0 0.236171 0.733887 0.033233 0.044399
0 0.236707 0.912406 0.036449 0.046249
0 0.191145 0.070683 0.028945 0.057348
0 0.673563 0.170579 0.033233 0.072148