0 0.053852 0.221252 0.026205 0.054265
0 0.085299 0.234253 0.020964 0.050873
0 0.016182 0.273821 0.024240 0.048612
0 0.138692 0.432094 0.022930 0.050873
0 0.310666 0.363697 0.026205 0.036177
0 0.283150 0.140985 0.023585 0.047482
0 0.204534 0.175466 0.026205 0.041829
0 0.443003 0.138724 0.030136 0.036177
0 0.501638 0.363697 0.029481 0.040699
0 0.338836 0.528979 0.022275 0.040699
0 0.112814 0.758588 0.023585 0.032785
0 0.149830 0.703192 0.025550 0.037307
0 0.111177 0.635361 0.020309 0.041829
0 0.352267 0.641014 0.021619 0.037307
0 0.320493 0.833202 0.020964 0.026002
0 0.324751 0.898772 0.024240 0.030524
0 0.265134 0.541980 0.020309 0.037307
0 0.332285 0.203163 0.028826 0.042960
0 0.306735 0.084459 0.028826 0.049743
0 0.310010 0.703192 0.024895 0.035046
0 0.576323 0.582792 0.018999 0.040699
0 0.617269 0.150594 0.020964 0.046351
0 0.627752 0.042630 0.018344 0.040699
0 0.709971 0.186206 0.020309 0.045221
0 0.726677 0.266473 0.022275 0.047482
0 0.359473 0.456965 0.024240 0.037307
0 0.438848 0.552206 0.018531 0.034885
0 0.134287 0.208210 0.023585 0.040699
0 0.072745 0.607693 0.018426 0.036883
0 0.015256 0.619775 0.019900 0.038155
0 0.042527 0.815002 0.022848 0.034340
0 0.420991 0.672556 0.022111 0.039427
0 0.534861 0.078482 0.019900 0.048330