0 0.437084 0.454593 0.025666 0.048312
0 0.665302 0.545995 0.024279 0.053535
0 0.740219 0.407586 0.029828 0.058758
0 0.454772 0.636091 0.022198 0.043089
0 0.322628 0.199321 0.024279 0.041784
0 0.286626 0.189267 0.020810 0.037866
0 0.162112 0.574460 0.024279 0.032643
0 0.050083 0.505256 0.030522 0.050924
0 0.462125 0.074754 0.026360 0.044395
0 0.404828 0.677613 0.023585 0.037866
0 0.883532 0.187700 0.021504 0.050924
0 0.412932 0.024464 0.023585 0.048927
0 0.354953 0.031354 0.025550 0.049945
0 0.585397 0.613115 0.022602 0.044395