0 0.641151 0.191140 0.021021 0.036674
0 0.801118 0.167013 0.021021 0.038604
0 0.911352 0.449501 0.024098 0.045360
0 0.829061 0.477489 0.018458 0.033779
0 0.894176 0.493413 0.019483 0.040535
0 0.669606 0.496791 0.020509 0.035709
0 0.571934 0.489456 0.017945 0.033779
0 0.804963 0.704676 0.023585 0.037639
0 0.687295 0.690199 0.021021 0.037639
0 0.936218 0.707475 0.019483 0.042465
0 0.644227 0.872026 0.024098 0.043430
0 0.512869 0.730637 0.025123 0.038604
0 0.415966 0.840178 0.029225 0.041500
0 0.451087 0.810259 0.018458 0.041500
0 0.375718 0.933311 0.020509 0.042465
0 0.349057 0.895189 0.025636 0.035709
0 0.336751 0.744149 0.021534 0.034744
0 0.340084 0.351735 0.019996 0.040535
0 0.484926 0.240747 0.019483 0.036674
0 0.279532 0.559234 0.021534 0.034744
0 0.256460 0.744053 0.026661 0.039570
0 0.313628 0.384838 0.019996 0.031849
0 0.280814 0.231868 0.022047 0.030884
0 0.303630 0.243449 0.019483 0.030884
0 0.231594 0.386286 0.022047 0.040535
0 0.377717 0.461082 0.023072 0.049221
0 0.458419 0.196641 0.026148 0.051151
0 0.358696 0.081311 0.021534 0.038604