0 0.913667 0.173550 0.025447 0.050237
0 0.741435 0.394941 0.022344 0.042059
0 0.525447 0.136164 0.022344 0.038554
0 0.574789 0.151352 0.021723 0.033880
0 0.561755 0.260588 0.021723 0.042059
0 0.844464 0.406274 0.024826 0.038554
0 0.910874 0.565746 0.021102 0.037385
0 0.675956 0.643904 0.017999 0.040890
0 0.719091 0.667854 0.018620 0.037385
0 0.796363 0.741457 0.020482 0.039722
0 0.964871 0.670775 0.021102 0.043227
0 0.587823 0.943571 0.020482 0.035049
0 0.483863 0.857118 0.018620 0.035049
0 0.518620 0.482914 0.023585 0.050237
0 0.503724 0.613762 0.018620 0.033880
0 0.409198 0.212804 0.016758 0.043227
0 0.500124 0.324376 0.022344 0.030376
0 0.432783 0.329050 0.020482 0.037385
0 0.348374 0.385128 0.017999 0.049068
0 0.238828 0.473334 0.023585 0.043227
0 0.333478 0.712834 0.026688 0.059583
0 0.425645 0.871137 0.022344 0.039722
0 0.459161 0.777090 0.019861 0.038554
0 0.341547 0.930136 0.022964 0.031544
0 0.220209 0.803376 0.021102 0.046732
0 0.256827 0.692973 0.022344 0.040890
0 0.379407 0.453940 0.017999 0.036217
0 0.207485 0.623927 0.021723 0.039722
0 0.134602 0.708261 0.028639 0.038053
0 0.128145 0.759526 0.024708 0.039110
0 0.172788 0.499392 0.029762 0.046509
0 0.223888 0.872945 0.028639 0.040167
0 0.273023 0.116537 0.020216 0.038053
0 0.327493 0.251308 0.022462 0.047566
0 0.363713 0.155647 0.019654 0.031711
0 0.506907 0.012816 0.023023 0.025632
0 0.509198 0.929264 0.021226 0.036996