0 0.089269 0.485572 0.038915 0.068812
0 0.282075 0.547725 0.040094 0.059933
0 0.109316 0.728635 0.041274 0.062153
0 0.088090 0.836293 0.045991 0.064373
0 0.316863 0.822974 0.043632 0.059933
0 0.477830 0.592120 0.044811 0.082131
0 0.641156 0.543285 0.048349 0.068812
0 0.665330 0.594340 0.037736 0.068812
0 0.557429 0.879578 0.034198 0.071032
0 0.371698 0.336848 0.044811 0.068812
0 0.646462 0.311321 0.042453 0.088790
0 0.739033 0.325749 0.036557 0.077691
0 0.838679 0.676471 0.042453 0.091010
0 0.912382 0.463374 0.036557 0.095450
0 0.947759 0.302442 0.043632 0.088790
0 0.605189 0.840733 0.035377 0.091010
0 0.417689 0.824084 0.037736 0.071032
0 0.564505 0.353496 0.036557 0.084351
0 0.115802 0.656493 0.044811 0.073252
0 0.874646 0.411210 0.048349 0.093230