0 0.567807 0.400597 0.023585 0.043008
0 0.759434 0.121046 0.022111 0.047170
0 0.923791 0.254231 0.023585 0.044395
0 0.427034 0.061390 0.019163 0.044395
0 0.531324 0.569021 0.024322 0.043008
0 0.415979 0.487167 0.023585 0.040233
0 0.546064 0.686251 0.021374 0.036071
0 0.764593 0.904065 0.023585 0.047170
0 0.701577 0.948460 0.021374 0.047170
0 0.732532 0.612722 0.022848 0.047170
0 0.519163 0.892272 0.025059 0.040233
0 0.424823 0.834004 0.022111 0.043008
0 0.420401 0.924181 0.022111 0.043008
0 0.875516 0.606479 0.021374 0.062431
0 0.900943 0.935974 0.022111 0.044395
0 0.168927 0.290996 0.019163 0.031909
0 0.321860 0.365913 0.022848 0.045782
0 0.227889 0.491468 0.019163 0.036071
0 0.190301 0.599681 0.022111 0.033296
0 0.076061 0.542106 0.017689 0.034684
0 0.046949 0.469964 0.016952 0.040233
0 0.072008 0.595796 0.024322 0.044395
0 0.302698 0.692911 0.024322 0.041620
0 0.254422 0.734531 0.020637 0.036071
0 0.247052 0.793493 0.025059 0.040233
0 0.364608 0.826790 0.021374 0.037458
0 0.314121 0.534059 0.023585 0.040233
0 0.021890 0.586362 0.021374 0.036071
0 0.606722 0.384503 0.022111 0.043008