0 0.598205 0.433407 0.021619 0.039462
0 0.447196 0.483968 0.023585 0.036996
0 0.436059 0.415526 0.022275 0.043162
0 0.477332 0.287273 0.020964 0.043162
0 0.420991 0.331052 0.022275 0.041929
0 0.475039 0.144222 0.020309 0.038229
0 0.671908 0.590640 0.022275 0.040696
0 0.533346 0.837280 0.022930 0.043162
0 0.344340 0.723209 0.026205 0.046862
0 0.324686 0.623936 0.018344 0.038229
0 0.286688 0.902022 0.019654 0.044395
0 0.466523 0.845295 0.024240 0.036996
0 0.489125 0.823714 0.018344 0.048095
0 0.731853 0.789801 0.025550 0.039462
0 0.724319 0.490874 0.024895 0.041929
0 0.475039 0.494697 0.020309 0.040696
0 0.530726 0.532310 0.024240 0.049328
0 0.329599 0.287397 0.028171 0.041929
0 0.427542 0.149895 0.023585 0.043162
0 0.371528 0.084536 0.024240 0.048095
0 0.320100 0.049390 0.020964 0.046862
0 0.287998 0.082069 0.019654 0.030830
0 0.234342 0.636022 0.024240 0.040696
0 0.116418 0.816685 0.024240 0.049328
0 0.141640 0.525651 0.023585 0.039462
0 0.244169 0.416389 0.024240 0.039462
0 0.110849 0.431188 0.020964 0.044395
0 0.142296 0.328832 0.019654 0.036996
0 0.197982 0.252744 0.020964 0.033296
0 0.246790 0.175052 0.021619 0.038229
0 0.321148 0.121408 0.019654 0.039462
0 0.027974 0.257677 0.020309 0.035763
0 0.592505 0.887471 0.023585 0.041929
0 0.607573 0.513442 0.023585 0.050561
0 0.348795 0.389999 0.023585 0.044395
0 0.833667 0.435572 0.021816 0.053274
0 0.976356 0.449445 0.021816 0.047725