0 0.518590 0.069078 0.029134 0.062245
0 0.483560 0.067881 0.024279 0.057457
0 0.549459 0.223493 0.028441 0.062245
0 0.500902 0.238456 0.024279 0.061048
0 0.724612 0.237858 0.033296 0.071821
0 0.571656 0.410229 0.038152 0.059851
0 0.572003 0.494020 0.027747 0.055063
0 0.450264 0.585473 0.038152 0.050275
0 0.550499 0.631558 0.029134 0.046684
0 0.619173 0.560934 0.026360 0.049078
0 0.378859 0.127106 0.025729 0.055498
0 0.381003 0.170579 0.021441 0.046249
0 0.286071 0.384972 0.034684 0.044290
0 0.385613 0.765026 0.031215 0.047881
0 0.312777 0.064888 0.027053 0.056260
0 0.289193 0.324642 0.031215 0.058654
0 0.134018 0.143892 0.027747 0.056260
0 0.169395 0.299504 0.030522 0.044290
0 0.067772 0.381500 0.028441 0.045487
0 0.037944 0.583079 0.033990 0.043093
0 0.061182 0.751978 0.034684 0.049078
0 0.221421 0.952479 0.027747 0.045487
0 0.034822 0.808238 0.037458 0.046684
0 0.744929 0.504070 0.029481 0.061048
0 0.654127 0.060454 0.027123 0.069188
0 0.012500 0.889690 0.025000 0.050873