0 0.164072 0.311284 0.032233 0.063633
0 0.150314 0.453348 0.034591 0.057714
0 0.050865 0.520681 0.038522 0.050314
0 0.224214 0.612431 0.029874 0.071032
0 0.202201 0.786312 0.033019 0.054754
0 0.132626 0.813689 0.040094 0.062153
0 0.209670 0.848761 0.033805 0.060673
0 0.427044 0.737033 0.033019 0.082871
0 0.336635 0.613467 0.033019 0.075472
0 0.332704 0.387791 0.037736 0.071032
0 0.367296 0.398890 0.034591 0.078431
0 0.451022 0.265705 0.030660 0.048835
0 0.473035 0.318239 0.036950 0.091750
0 0.063050 0.318239 0.042453 0.065113
0 0.521384 0.528524 0.029874 0.072512
0 0.574057 0.536663 0.039308 0.088790
0 0.662893 0.515205 0.033019 0.081391
0 0.954324 0.421088 0.032233 0.072512
0 0.716903 0.698557 0.038522 0.073992
0 0.921698 0.968405 0.036164 0.063189
0 0.722799 0.097299 0.034591 0.096189
0 0.568042 0.748613 0.036557 0.075472
0 0.823939 0.141509 0.036557 0.091010
0 0.803302 0.609878 0.047170 0.082131
0 0.530896 0.125971 0.037736 0.091010