0 0.296226 0.482242 0.035377 0.093230
0 0.229599 0.569922 0.041274 0.064373
0 0.210731 0.637625 0.045991 0.066593
0 0.131132 0.471143 0.040094 0.053274
0 0.074528 0.583241 0.037736 0.055494
0 0.024410 0.923973 0.041274 0.071032
0 0.319811 0.892897 0.035377 0.075472
0 0.421226 0.600999 0.040094 0.099889
0 0.461321 0.583241 0.033019 0.082131
0 0.431250 0.114872 0.036557 0.073252
0 0.226061 0.292453 0.043632 0.073252
0 0.073939 0.423418 0.038915 0.055494
0 0.611085 0.229190 0.037736 0.075472
0 0.754363 0.255827 0.041274 0.084351
0 0.693042 0.188124 0.029481 0.073252
0 0.752594 0.484462 0.037736 0.097669
0 0.555071 0.639845 0.036557 0.088790
0 0.566863 0.860710 0.034198 0.086570
0 0.923585 0.506659 0.037736 0.079911
0 0.826887 0.704218 0.035377 0.075472
0 0.786792 0.619867 0.035377 0.079911
0 0.463679 0.923973 0.040094 0.075472
0 0.518514 0.311321 0.041274 0.102109
0 0.391745 0.351276 0.042453 0.097669
0 0.192453 0.195893 0.040094 0.071032