0 0.363267 0.403638 0.018278 0.040699
0 0.377417 0.573046 0.019458 0.031542
0 0.329953 0.379218 0.020047 0.032559
0 0.284847 0.390919 0.020637 0.039681
0 0.531899 0.150797 0.021816 0.041716
0 0.570519 0.156902 0.017689 0.043751
0 0.306663 0.123834 0.019458 0.038664
0 0.304894 0.083135 0.015920 0.042734
0 0.270106 0.059225 0.027712 0.041716
0 0.292512 0.031244 0.024175 0.036629
0 0.485318 0.560328 0.017099 0.040699
0 0.299882 0.749272 0.023585 0.035611
0 0.287500 0.824055 0.022406 0.028489
0 0.681663 0.028192 0.019458 0.048838
0 0.454068 0.063295 0.021816 0.035611
0 0.729127 0.153849 0.018868 0.035611
0 0.102712 0.093819 0.018868 0.031542
0 0.168455 0.027683 0.019458 0.029507
0 0.135436 0.359480 0.024175 0.038664
0 0.152241 0.480558 0.021226 0.034594
0 0.064976 0.361006 0.018868 0.041716
0 0.052594 0.539063 0.022406 0.031542
0 0.080307 0.613440 0.022406 0.036629
0 0.154304 0.664313 0.026533 0.036629
0 0.177300 0.814389 0.025354 0.033576
0 0.067630 0.947169 0.026533 0.030524
0 0.184965 0.852544 0.019458 0.030524
0 0.358314 0.903927 0.025354 0.041716
0 0.461203 0.324886 0.017689 0.036629
0 0.276533 0.344116 0.027123 0.035611
0 0.375295 0.331397 0.030071 0.044769
0 0.209021 0.088324 0.022995 0.035611